r=1000
e=1
s=3868,972,0,0,0,0
s=3868,972,3319,0,0,0
s=3868,972,0,0,0,0
s=3254,25,0,0,0,0
s=3254,25,1627,0,0,0
s=3254,25,0,0,0,0
s=4021,716,0,0,0,0
s=4021,716,1867,0,0,0
s=4021,716,0,0,0,0
s=3049,870,0,0,0,0
s=3049,870,4080,0,0,0
s=3049,870,0,0,0,0
s=3407,639,0,0,0,0
s=3407,639,1233,0,0,0
s=3407,639,0,0,0,0
s=3510,281,0,0,0,0
s=3510,281,1472,0,0,0
s=3510,281,0,0,0,0
s=3740,563,0,0,0,0
s=3740,563,1529,0,0,0
s=3740,563,0,0,0,0
s=3970,972,0,0,0,0
s=3970,972,4080,0,0,0
s=3970,972,0,0,0,0
s=3740,588,0,0,0,0
s=3740,588,1458,0,0,0
s=3740,588,0,0,0,0
s=4021,895,0,0,0,0
s=4021,895,4052,0,0,0
s=4021,895,0,0,0,0
s=3612,102,0,0,0,0
s=3612,102,1359,0,0,0
s=3612,102,0,0,0,0
s=3919,742,0,0,0,0
s=3919,742,1754,0,0,0
s=3919,742,0,0,0,0
s=3970,76,0,0,0,0
s=3970,76,2290,0,0,0
s=3970,76,0,0,0,0
s=3458,1023,0,0,0,0
s=3458,1023,4066,0,0,0
s=3458,1023,0,0,0,0
s=3612,563,0,0,0,0
s=3612,563,1345,0,0,0
s=3612,563,0,0,0,0
s=3893,332,0,0,0,0
s=3893,332,2459,0,0,0
s=3893,332,0,0,0,0
s=3842,639,0,0,0,0
s=3842,639,1247,0,0,0
s=3842,639,0,0,0,0
s=4047,307,0,0,0,0
s=4047,307,1980,0,0,0
s=4047,307,0,0,0,0
s=2921,179,0,0,0,0
s=2921,179,4080,0,0,0
s=2921,179,0,0,0,0
s=3458,435,0,0,0,0
s=3458,435,1289,0,0,0
s=3458,435,0,0,0,0
s=3945,102,0,0,0,0
s=3945,102,2135,0,0,0
s=3945,102,0,0,0,0
s=3433,383,0,0,0,0
s=3433,383,1289,0,0,0
s=3433,383,0,0,0,0
s=3919,716,0,0,0,0
s=3919,716,1641,0,0,0
s=3919,716,0,0,0,0
s=3919,793,0,0,0,0
s=3919,793,1500,0,0,0
s=3919,793,0,0,0,0
s=3868,51,0,0,0,0
s=3868,51,2501,0,0,0
s=3868,51,0,0,0,0
s=3458,639,0,0,0,0
s=3458,639,1388,0,0,0
s=3458,639,0,0,0,0
s=3893,51,0,0,0,0
s=3893,51,2431,0,0,0
s=3893,51,0,0,0,0
s=3612,435,0,0,0,0
s=3612,435,1472,0,0,0
s=3612,435,0,0,0,0
s=3842,409,0,0,0,0
s=3842,409,1797,0,0,0
s=3842,409,0,0,0,0
s=3612,614,0,0,0,0
s=3612,614,1247,0,0,0
s=3612,614,0,0,0,0
s=3714,537,0,0,0,0
s=3714,537,1515,0,0,0
s=3714,537,0,0,0,0
s=3279,153,0,0,0,0
s=3279,153,1726,0,0,0
s=3279,153,0,0,0,0
s=3740,153,0,0,0,0
s=3740,153,2036,0,0,0
s=3740,153,0,0,0,0
s=3970,409,0,0,0,0
s=3970,409,2614,0,0,0
s=3970,409,0,0,0,0
s=3433,486,0,0,0,0
s=3433,486,1233,0,0,0
s=3433,486,0,0,0,0
s=3638,0,0,0,0,0
s=3638,0,2135,0,0,0
s=3638,0,0,0,0,0
s=3433,588,0,0,0,0
s=3433,588,1303,0,0,0
s=3433,588,0,0,0,0
s=3765,25,0,0,0,0
s=3765,25,2276,0,0,0
s=3765,25,0,0,0,0
s=3765,588,0,0,0,0
s=3765,588,1472,0,0,0
s=3765,588,0,0,0,0
s=3407,588,0,0,0,0
s=3407,588,1416,0,0,0
s=3407,588,0,0,0,0
s=3382,614,0,0,0,0
s=3382,614,1261,0,0,0
s=3382,614,0,0,0,0
s=3817,639,0,0,0,0
s=3817,639,1233,0,0,0
s=3817,639,0,0,0,0
s=3945,358,0,0,0,0
s=3945,358,2614,0,0,0
s=3945,358,0,0,0,0
s=3586,25,0,0,0,0
s=3586,25,1966,0,0,0
s=3586,25,0,0,0,0
s=3817,435,0,0,0,0
s=3817,435,1670,0,0,0
s=3817,435,0,0,0,0
s=3714,614,0,0,0,0
s=3714,614,1317,0,0,0
s=3714,614,0,0,0,0
s=2921,153,0,0,0,0
s=2921,153,4066,0,0,0
s=2921,153,0,0,0,0
s=3714,307,0,0,0,0
s=3714,307,1782,0,0,0
s=3714,307,0,0,0,0
s=3689,51,0,0,0,0
s=3689,51,2191,0,0,0
s=3689,51,0,0,0,0
s=3714,588,0,0,0,0
s=3714,588,1402,0,0,0
s=3714,588,0,0,0,0
s=3330,51,0,0,0,0
s=3330,51,1712,0,0,0
s=3330,51,0,0,0,0
s=3714,460,0,0,0,0
s=3714,460,1627,0,0,0
s=3714,460,0,0,0,0
s=4021,946,0,0,0,0
s=4021,946,4080,0,0,0
s=4021,946,0,0,0,0
s=2946,639,0,0,0,0
s=2946,639,4080,0,0,0
s=2946,639,0,0,0,0
s=3510,563,0,0,0,0
s=3510,563,1317,0,0,0
s=3510,563,0,0,0,0
s=3868,460,0,0,0,0
s=3868,460,2008,0,0,0
s=3868,460,0,0,0,0
s=3305,204,0,0,0,0
s=3305,204,1585,0,0,0
s=3305,204,0,0,0,0
s=3919,102,0,0,0,0
s=3919,102,2135,0,0,0
s=3919,102,0,0,0,0
s=3433,0,0,0,0,0
s=3433,0,1543,0,0,0
s=3433,0,0,0,0,0
s=3458,460,0,0,0,0
s=3458,460,1233,0,0,0
s=3458,460,0,0,0,0
s=4047,895,0,0,0,0
s=4047,895,4080,0,0,0
s=4047,895,0,0,0,0
s=3842,358,0,0,0,0
s=3842,358,2219,0,0,0
s=3842,358,0,0,0,0
s=4021,537,0,0,0,0
s=4021,537,2459,0,0,0
s=4021,537,0,0,0,0
s=3510,127,0,0,0,0
s=3510,127,1740,0,0,0
s=3510,127,0,0,0,0
s=3970,383,0,0,0,0
s=3970,383,2642,0,0,0
s=3970,383,0,0,0,0
s=4021,153,0,0,0,0
s=4021,153,1543,0,0,0
s=4021,153,0,0,0,0
s=3458,153,0,0,0,0
s=3458,153,1684,0,0,0
s=3458,153,0,0,0,0
s=3663,614,0,0,0,0
s=3663,614,1345,0,0,0
s=3663,614,0,0,0,0
s=3970,921,0,0,0,0
s=3970,921,2149,0,0,0
s=3970,921,0,0,0,0
s=3638,1049,0,0,0,0
s=3638,1049,4080,0,0,0
s=3638,1049,0,0,0,0
s=3638,76,0,0,0,0
s=3638,76,1811,0,0,0
s=3638,76,0,0,0,0
s=4021,767,0,0,0,0
s=4021,767,1768,0,0,0
s=4021,767,0,0,0,0
s=3458,358,0,0,0,0
s=3458,358,1317,0,0,0
s=3458,358,0,0,0,0
s=3970,819,0,0,0,0
s=3970,819,1825,0,0,0
s=3970,819,0,0,0,0
s=2921,332,0,0,0,0
s=2921,332,1388,0,0,0
s=2921,332,0,0,0,0
s=3458,409,0,0,0,0
s=3458,409,1275,0,0,0
s=3458,409,0,0,0,0
s=3510,588,0,0,0,0
s=3510,588,1303,0,0,0
s=3510,588,0,0,0,0
s=3663,127,0,0,0,0
s=3663,127,1345,0,0,0
s=3663,127,0,0,0,0
s=4047,665,0,0,0,0
s=4047,665,1853,0,0,0
s=4047,665,0,0,0,0
s=3407,383,0,0,0,0
s=3407,383,1289,0,0,0
s=3407,383,0,0,0,0
s=2921,51,0,0,0,0
s=2921,51,4066,0,0,0
s=2921,51,0,0,0,0
s=3893,691,0,0,0,0
s=3893,691,1388,0,0,0
s=3893,691,0,0,0,0
s=3868,537,0,0,0,0
s=3868,537,2149,0,0,0
s=3868,537,0,0,0,0
s=3663,255,0,0,0,0
s=3663,255,1219,0,0,0
s=3663,255,0,0,0,0
s=4021,921,0,0,0,0
s=4021,921,4080,0,0,0
s=4021,921,0,0,0,0
s=3254,102,0,0,0,0
s=3254,102,1740,0,0,0
s=3254,102,0,0,0,0
s=3996,358,0,0,0,0
s=3996,358,2642,0,0,0
s=3996,358,0,0,0,0
s=2972,716,0,0,0,0
s=2972,716,1261,0,0,0
s=2972,716,0,0,0,0
s=3254,153,0,0,0,0
s=3254,153,1585,0,0,0
s=3254,153,0,0,0,0
s=3842,281,0,0,0,0
s=3842,281,2191,0,0,0
s=3842,281,0,0,0,0
s=3561,639,0,0,0,0
s=3561,639,1247,0,0,0
s=3561,639,0,0,0,0
s=3740,25,0,0,0,0
s=3740,25,2290,0,0,0
s=3740,25,0,0,0,0
s=4047,588,0,0,0,0
s=4047,588,2234,0,0,0
s=4047,588,0,0,0,0
s=3714,358,0,0,0,0
s=3714,358,1529,0,0,0
s=3714,358,0,0,0,0
s=3535,563,0,0,0,0
s=3535,563,1261,0,0,0
s=3535,563,0,0,0,0
s=3893,946,0,0,0,0
s=3893,946,1289,0,0,0
s=3893,946,0,0,0,0
s=3970,153,0,0,0,0
s=3970,153,1909,0,0,0
s=3970,153,0,0,0,0
s=3996,76,0,0,0,0
s=3996,76,2078,0,0,0
s=3996,76,0,0,0,0
s=3484,25,0,0,0,0
s=3484,25,1980,0,0,0
s=3484,25,0,0,0,0
s=3740,332,0,0,0,0
s=3740,332,1923,0,0,0
s=3740,332,0,0,0,0
s=4073,716,0,0,0,0
s=4073,716,4066,0,0,0
s=4073,716,0,0,0,0
s=3382,563,0,0,0,0
s=3382,563,1388,0,0,0
s=3382,563,0,0,0,0
s=3740,358,0,0,0,0
s=3740,358,1726,0,0,0
s=3740,358,0,0,0,0
s=3945,25,0,0,0,0
s=3945,25,2417,0,0,0
s=3945,25,0,0,0,0
s=3817,307,0,0,0,0
s=3817,307,2304,0,0,0
s=3817,307,0,0,0,0
s=3945,921,0,0,0,0
s=3945,921,2205,0,0,0
s=3945,921,0,0,0,0
s=3458,511,0,0,0,0
s=3458,511,1345,0,0,0
s=3458,511,0,0,0,0
s=3996,870,0,0,0,0
s=3996,870,1670,0,0,0
s=3996,870,0,0,0,0
s=3945,844,0,0,0,0
s=3945,844,1303,0,0,0
s=3945,844,0,0,0,0
s=3817,102,0,0,0,0
s=3817,102,2360,0,0,0
s=3817,102,0,0,0,0
s=3791,25,0,0,0,0
s=3791,25,2248,0,0,0
s=3791,25,0,0,0,0
s=3689,486,0,0,0,0
s=3689,486,1557,0,0,0
s=3689,486,0,0,0,0
s=3714,332,0,0,0,0
s=3714,332,1599,0,0,0
s=3714,332,0,0,0,0
s=3458,281,0,0,0,0
s=3458,281,1458,0,0,0
s=3458,281,0,0,0,0
s=2921,76,0,0,0,0
s=2921,76,4052,0,0,0
s=2921,76,0,0,0,0
s=3996,307,0,0,0,0
s=3996,307,2205,0,0,0
s=3996,307,0,0,0,0
s=2921,460,0,0,0,0
s=2921,460,1247,0,0,0
s=2921,460,0,0,0,0
s=3382,307,0,0,0,0
s=3382,307,1331,0,0,0
s=3382,307,0,0,0,0
s=3638,102,0,0,0,0
s=3638,102,1416,0,0,0
s=3638,102,0,0,0,0
s=3484,614,0,0,0,0
s=3484,614,1317,0,0,0
s=3484,614,0,0,0,0
s=3893,511,0,0,0,0
s=3893,511,2360,0,0,0
s=3893,511,0,0,0,0
s=3970,588,0,0,0,0
s=3970,588,2276,0,0,0
s=3970,588,0,0,0,0
s=2946,537,0,0,0,0
s=2946,537,3361,0,0,0
s=2946,537,0,0,0,0
s=3996,230,0,0,0,0
s=3996,230,1303,0,0,0
s=3996,230,0,0,0,0
s=3714,76,0,0,0,0
s=3714,76,2205,0,0,0
s=3714,76,0,0,0,0
s=3433,127,0,0,0,0
s=3433,127,1726,0,0,0
s=3433,127,0,0,0,0
s=4021,0,0,0,0,0
s=4021,0,1909,0,0,0
s=4021,0,0,0,0,0
s=3510,383,0,0,0,0
s=3510,383,1430,0,0,0
s=3510,383,0,0,0,0
s=3945,255,0,0,0,0
s=3945,255,1909,0,0,0
s=3945,255,0,0,0,0
s=3612,511,0,0,0,0
s=3612,511,1444,0,0,0
s=3612,511,0,0,0,0
s=3458,179,0,0,0,0
s=3458,179,1275,0,0,0
s=3458,179,0,0,0,0
s=3945,281,0,0,0,0
s=3945,281,2149,0,0,0
s=3945,281,0,0,0,0
s=3689,588,0,0,0,0
s=3689,588,1303,0,0,0
s=3689,588,0,0,0,0
s=3893,281,0,0,0,0
s=3893,281,2177,0,0,0
s=3893,281,0,0,0,0
s=4021,614,0,0,0,0
s=4021,614,1980,0,0,0
s=4021,614,0,0,0,0
s=3561,102,0,0,0,0
s=3561,102,1500,0,0,0
s=3561,102,0,0,0,0
s=3433,307,0,0,0,0
s=3433,307,1359,0,0,0
s=3433,307,0,0,0,0
s=3868,127,0,0,0,0
s=3868,127,2234,0,0,0
s=3868,127,0,0,0,0
s=3996,25,0,0,0,0
s=3996,25,2234,0,0,0
s=3996,25,0,0,0,0
s=3228,25,0,0,0,0
s=3228,25,1247,0,0,0
s=3228,25,0,0,0,0
s=2946,716,0,0,0,0
s=2946,716,3376,0,0,0
s=2946,716,0,0,0,0
s=3663,383,0,0,0,0
s=3663,383,1543,0,0,0
s=3663,383,0,0,0,0
s=3868,358,0,0,0,0
s=3868,358,2346,0,0,0
s=3868,358,0,0,0,0
s=3407,358,0,0,0,0
s=3407,358,1331,0,0,0
s=3407,358,0,0,0,0
s=3612,0,0,0,0,0
s=3612,0,2064,0,0,0
s=3612,0,0,0,0,0
s=2921,102,0,0,0,0
s=2921,102,4038,0,0,0
s=2921,102,0,0,0,0
s=3996,511,0,0,0,0
s=3996,511,2600,0,0,0
s=3996,511,0,0,0,0
s=3561,460,0,0,0,0
s=3561,460,1345,0,0,0
s=3561,460,0,0,0,0
s=3484,563,0,0,0,0
s=3484,563,1303,0,0,0
s=3484,563,0,0,0,0
s=3868,435,0,0,0,0
s=3868,435,2064,0,0,0
s=3868,435,0,0,0,0
s=3458,102,0,0,0,0
s=3458,102,1740,0,0,0
s=3458,102,0,0,0,0
s=3689,460,0,0,0,0
s=3689,460,1543,0,0,0
s=3689,460,0,0,0,0
s=2921,204,0,0,0,0
s=2921,204,4052,0,0,0
s=2921,204,0,0,0,0
s=3638,383,0,0,0,0
s=3638,383,1458,0,0,0
s=3638,383,0,0,0,0
s=3868,102,0,0,0,0
s=3868,102,2205,0,0,0
s=3868,102,0,0,0,0
s=3970,895,0,0,0,0
s=3970,895,1698,0,0,0
s=3970,895,0,0,0,0
s=3612,409,0,0,0,0
s=3612,409,1515,0,0,0
s=3612,409,0,0,0,0
s=3945,614,0,0,0,0
s=3945,614,1895,0,0,0
s=3945,614,0,0,0,0
s=3561,281,0,0,0,0
s=3561,281,1430,0,0,0
s=3561,281,0,0,0,0
s=3970,793,0,0,0,0
s=3970,793,1782,0,0,0
s=3970,793,0,0,0,0
s=3663,511,0,0,0,0
s=3663,511,1430,0,0,0
s=3663,511,0,0,0,0
s=3791,383,0,0,0,0
s=3791,383,1656,0,0,0
s=3791,383,0,0,0,0
s=3330,102,0,0,0,0
s=3330,102,2191,0,0,0
s=3330,102,0,0,0,0
s=3817,998,0,0,0,0
s=3817,998,4080,0,0,0
s=3817,998,0,0,0,0
s=3535,127,0,0,0,0
s=3535,127,1670,0,0,0
s=3535,127,0,0,0,0
s=3791,435,0,0,0,0
s=3791,435,1670,0,0,0
s=3791,435,0,0,0,0
s=3714,0,0,0,0,0
s=3714,0,2248,0,0,0
s=3714,0,0,0,0,0
s=3638,460,0,0,0,0
s=3638,460,1529,0,0,0
s=3638,460,0,0,0,0
s=3893,588,0,0,0,0
s=3893,588,2008,0,0,0
s=3893,588,0,0,0,0
s=3586,383,0,0,0,0
s=3586,383,1515,0,0,0
s=3586,383,0,0,0,0
s=3356,614,0,0,0,0
s=3356,614,1275,0,0,0
s=3356,614,0,0,0,0
s=3535,511,0,0,0,0
s=3535,511,1345,0,0,0
s=3535,511,0,0,0,0
s=3740,255,0,0,0,0
s=3740,255,2064,0,0,0
s=3740,255,0,0,0,0
s=3484,332,0,0,0,0
s=3484,332,1444,0,0,0
s=3484,332,0,0,0,0
s=3945,767,0,0,0,0
s=3945,767,1571,0,0,0
s=3945,767,0,0,0,0
s=3407,0,0,0,0,0
s=3407,0,1261,0,0,0
s=3407,0,0,0,0,0
s=3919,460,0,0,0,0
s=3919,460,2459,0,0,0
s=3919,460,0,0,0,0
s=3663,281,0,0,0,0
s=3663,281,1430,0,0,0
s=3663,281,0,0,0,0
s=4021,307,0,0,0,0
s=4021,307,2107,0,0,0
s=4021,307,0,0,0,0
s=3945,793,0,0,0,0
s=3945,793,2064,0,0,0
s=3945,793,0,0,0,0
s=3740,102,0,0,0,0
s=3740,102,2290,0,0,0
s=3740,102,0,0,0,0
s=3689,563,0,0,0,0
s=3689,563,1359,0,0,0
s=3689,563,0,0,0,0
s=3714,255,0,0,0,0
s=3714,255,1797,0,0,0
s=3714,255,0,0,0,0
s=3535,460,0,0,0,0
s=3535,460,1303,0,0,0
s=3535,460,0,0,0,0
s=3458,307,0,0,0,0
s=3458,307,1374,0,0,0
s=3458,307,0,0,0,0
s=3638,307,0,0,0,0
s=3638,307,1557,0,0,0
s=3638,307,0,0,0,0
s=3638,614,0,0,0,0
s=3638,614,1275,0,0,0
s=3638,614,0,0,0,0
s=3893,767,0,0,0,0
s=3893,767,1275,0,0,0
s=3893,767,0,0,0,0
s=3791,511,0,0,0,0
s=3791,511,1613,0,0,0
s=3791,511,0,0,0,0
s=3663,332,0,0,0,0
s=3663,332,1613,0,0,0
s=3663,332,0,0,0,0
s=3074,870,0,0,0,0
s=3074,870,1585,0,0,0
s=3074,870,0,0,0,0
s=4047,409,0,0,0,0
s=4047,409,2558,0,0,0
s=4047,409,0,0,0,0
s=3586,281,0,0,0,0
s=3586,281,1486,0,0,0
s=3586,281,0,0,0,0
s=3433,255,0,0,0,0
s=3433,255,1219,0,0,0
s=3433,255,0,0,0,0
s=3945,76,0,0,0,0
s=3945,76,2262,0,0,0
s=3945,76,0,0,0,0
s=3484,435,0,0,0,0
s=3484,435,1345,0,0,0
s=3484,435,0,0,0,0
s=3996,102,0,0,0,0
s=3996,102,2022,0,0,0
s=3996,102,0,0,0,0
s=3817,409,0,0,0,0
s=3817,409,1726,0,0,0
s=3817,409,0,0,0,0
s=4073,639,0,0,0,0
s=4073,639,2896,0,0,0
s=4073,639,0,0,0,0
s=3484,281,0,0,0,0
s=3484,281,1458,0,0,0
s=3484,281,0,0,0,0
s=3817,614,0,0,0,0
s=3817,614,1571,0,0,0
s=3817,614,0,0,0,0
s=3305,588,0,0,0,0
s=3305,588,1331,0,0,0
s=3305,588,0,0,0,0
s=2946,588,0,0,0,0
s=2946,588,4080,0,0,0
s=2946,588,0,0,0,0
s=3382,511,0,0,0,0
s=3382,511,1233,0,0,0
s=3382,511,0,0,0,0
s=3919,537,0,0,0,0
s=3919,537,2375,0,0,0
s=3919,537,0,0,0,0
s=3765,537,0,0,0,0
s=3765,537,1627,0,0,0
s=3765,537,0,0,0,0
s=2946,563,0,0,0,0
s=2946,563,3390,0,0,0
s=2946,563,0,0,0,0
s=3714,25,0,0,0,0
s=3714,25,2276,0,0,0
s=3714,25,0,0,0,0
s=3868,0,0,0,0,0
s=3868,0,2544,0,0,0
s=3868,0,0,0,0,0
s=3510,435,0,0,0,0
s=3510,435,1247,0,0,0
s=3510,435,0,0,0,0
s=3945,486,0,0,0,0
s=3945,486,2501,0,0,0
s=3945,486,0,0,0,0
s=3689,127,0,0,0,0
s=3689,127,1557,0,0,0
s=3689,127,0,0,0,0
s=3382,127,0,0,0,0
s=3382,127,1472,0,0,0
s=3382,127,0,0,0,0
s=3458,537,0,0,0,0
s=3458,537,1345,0,0,0
s=3458,537,0,0,0,0
s=4073,435,0,0,0,0
s=4073,435,4052,0,0,0
s=4073,435,0,0,0,0
s=3945,588,0,0,0,0
s=3945,588,2149,0,0,0
s=3945,588,0,0,0,0
s=3714,563,0,0,0,0
s=3714,563,1444,0,0,0
s=3714,563,0,0,0,0
s=2946,179,0,0,0,0
s=2946,179,2882,0,0,0
s=2946,179,0,0,0,0
s=3612,281,0,0,0,0
s=3612,281,1500,0,0,0
s=3612,281,0,0,0,0
s=3100,921,0,0,0,0
s=3100,921,4080,0,0,0
s=3100,921,0,0,0,0
s=4047,946,0,0,0,0
s=4047,946,4080,0,0,0
s=4047,946,0,0,0,0
s=3458,588,0,0,0,0
s=3458,588,1303,0,0,0
s=3458,588,0,0,0,0
s=3842,153,0,0,0,0
s=3842,153,2078,0,0,0
s=3842,153,0,0,0,0
s=3996,639,0,0,0,0
s=3996,639,1458,0,0,0
s=3996,639,0,0,0,0
s=3893,409,0,0,0,0
s=3893,409,2262,0,0,0
s=3893,409,0,0,0,0
s=3970,460,0,0,0,0
s=3970,460,2600,0,0,0
s=3970,460,0,0,0,0
s=3535,51,0,0,0,0
s=3535,51,1923,0,0,0
s=3535,51,0,0,0,0
s=2946,204,0,0,0,0
s=2946,204,1797,0,0,0
s=2946,204,0,0,0,0
s=3356,25,0,0,0,0
s=3356,25,1938,0,0,0
s=3356,25,0,0,0,0
s=2946,742,0,0,0,0
s=2946,742,4080,0,0,0
s=2946,742,0,0,0,0
s=4047,435,0,0,0,0
s=4047,435,2586,0,0,0
s=4047,435,0,0,0,0
s=3356,588,0,0,0,0
s=3356,588,1261,0,0,0
s=3356,588,0,0,0,0
s=3484,588,0,0,0,0
s=3484,588,1345,0,0,0
s=3484,588,0,0,0,0
s=3842,127,0,0,0,0
s=3842,127,2304,0,0,0
s=3842,127,0,0,0,0
s=3356,51,0,0,0,0
s=3356,51,1740,0,0,0
s=3356,51,0,0,0,0
s=3765,0,0,0,0,0
s=3765,0,2262,0,0,0
s=3765,0,0,0,0,0
s=3305,25,0,0,0,0
s=3305,25,1994,0,0,0
s=3305,25,0,0,0,0
s=3817,511,0,0,0,0
s=3817,511,1754,0,0,0
s=3817,511,0,0,0,0
s=3919,665,0,0,0,0
s=3919,665,1402,0,0,0
s=3919,665,0,0,0,0
s=3023,844,0,0,0,0
s=3023,844,4080,0,0,0
s=3023,844,0,0,0,0
s=3535,307,0,0,0,0
s=3535,307,1557,0,0,0
s=3535,307,0,0,0,0
s=3407,179,0,0,0,0
s=3407,179,2022,0,0,0
s=3407,179,0,0,0,0
s=3638,511,0,0,0,0
s=3638,511,1444,0,0,0
s=3638,511,0,0,0,0
s=3382,0,0,0,0,0
s=3382,0,1444,0,0,0
s=3382,0,0,0,0,0
s=3407,332,0,0,0,0
s=3407,332,1275,0,0,0
s=3407,332,0,0,0,0
s=3765,153,0,0,0,0
s=3765,153,2093,0,0,0
s=3765,153,0,0,0,0
s=3407,614,0,0,0,0
s=3407,614,1289,0,0,0
s=3407,614,0,0,0,0
s=3586,332,0,0,0,0
s=3586,332,1444,0,0,0
s=3586,332,0,0,0,0
s=4021,51,0,0,0,0
s=4021,51,2205,0,0,0
s=4021,51,0,0,0,0
s=3868,25,0,0,0,0
s=3868,25,2544,0,0,0
s=3868,25,0,0,0,0
s=3535,537,0,0,0,0
s=3535,537,1402,0,0,0
s=3535,537,0,0,0,0
s=4021,972,0,0,0,0
s=4021,972,4080,0,0,0
s=4021,972,0,0,0,0
s=2972,665,0,0,0,0
s=2972,665,4052,0,0,0
s=2972,665,0,0,0,0
s=3254,127,0,0,0,0
s=3254,127,1797,0,0,0
s=3254,127,0,0,0,0
s=3868,255,0,0,0,0
s=3868,255,1952,0,0,0
s=3868,255,0,0,0,0
s=3996,767,0,0,0,0
s=3996,767,1641,0,0,0
s=3996,767,0,0,0,0
s=3330,588,0,0,0,0
s=3330,588,1289,0,0,0
s=3330,588,0,0,0,0
s=3612,383,0,0,0,0
s=3612,383,1529,0,0,0
s=3612,383,0,0,0,0
s=4047,332,0,0,0,0
s=4047,332,2346,0,0,0
s=4047,332,0,0,0,0
s=4047,639,0,0,0,0
s=4047,639,2600,0,0,0
s=4047,639,0,0,0,0
s=3765,614,0,0,0,0
s=3765,614,1557,0,0,0
s=3765,614,0,0,0,0
s=3791,639,0,0,0,0
s=3791,639,1219,0,0,0
s=3791,639,0,0,0,0
s=3791,486,0,0,0,0
s=3791,486,1670,0,0,0
s=3791,486,0,0,0,0
s=4021,255,0,0,0,0
s=4021,255,1966,0,0,0
s=4021,255,0,0,0,0
s=3689,25,0,0,0,0
s=3689,25,2234,0,0,0
s=3689,25,0,0,0,0
s=3330,127,0,0,0,0
s=3330,127,2093,0,0,0
s=3330,127,0,0,0,0
s=3765,511,0,0,0,0
s=3765,511,1599,0,0,0
s=3765,511,0,0,0,0
s=3868,665,0,0,0,0
s=3868,665,1219,0,0,0
s=3868,665,0,0,0,0
s=3433,25,0,0,0,0
s=3433,25,1656,0,0,0
s=3433,25,0,0,0,0
s=3791,332,0,0,0,0
s=3791,332,2290,0,0,0
s=3791,332,0,0,0,0
s=3893,665,0,0,0,0
s=3893,665,1317,0,0,0
s=3893,665,0,0,0,0
s=4073,742,0,0,0,0
s=4073,742,4080,0,0,0
s=4073,742,0,0,0,0
s=4047,742,0,0,0,0
s=4047,742,1444,0,0,0
s=4047,742,0,0,0,0
s=2921,307,0,0,0,0
s=2921,307,1740,0,0,0
s=2921,307,0,0,0,0
s=3996,383,0,0,0,0
s=3996,383,2628,0,0,0
s=3996,383,0,0,0,0
s=3817,588,0,0,0,0
s=3817,588,1754,0,0,0
s=3817,588,0,0,0,0
s=3305,76,0,0,0,0
s=3305,76,2050,0,0,0
s=3305,76,0,0,0,0
s=3714,102,0,0,0,0
s=3714,102,2191,0,0,0
s=3714,102,0,0,0,0
s=3868,383,0,0,0,0
s=3868,383,1994,0,0,0
s=3868,383,0,0,0,0
s=3586,358,0,0,0,0
s=3586,358,1557,0,0,0
s=3586,358,0,0,0,0
s=3433,102,0,0,0,0
s=3433,102,1811,0,0,0
s=3433,102,0,0,0,0
s=3433,51,0,0,0,0
s=3433,51,1698,0,0,0
s=3433,51,0,0,0,0
s=3561,537,0,0,0,0
s=3561,537,1359,0,0,0
s=3561,537,0,0,0,0
s=3382,76,0,0,0,0
s=3382,76,1430,0,0,0
s=3382,76,0,0,0,0
s=3484,383,0,0,0,0
s=3484,383,1374,0,0,0
s=3484,383,0,0,0,0
s=3996,0,0,0,0,0
s=3996,0,1980,0,0,0
s=3996,0,0,0,0,0
s=3484,127,0,0,0,0
s=3484,127,1909,0,0,0
s=3484,127,0,0,0,0
s=2972,767,0,0,0,0
s=2972,767,1331,0,0,0
s=2972,767,0,0,0,0
s=3996,691,0,0,0,0
s=3996,691,1303,0,0,0
s=3996,691,0,0,0,0
s=3970,255,0,0,0,0
s=3970,255,1952,0,0,0
s=3970,255,0,0,0,0
s=3996,51,0,0,0,0
s=3996,51,2191,0,0,0
s=3996,51,0,0,0,0
s=3638,409,0,0,0,0
s=3638,409,1500,0,0,0
s=3638,409,0,0,0,0
s=3842,383,0,0,0,0
s=3842,383,1754,0,0,0
s=3842,383,0,0,0,0
s=4047,563,0,0,0,0
s=4047,563,2685,0,0,0
s=4047,563,0,0,0,0
s=3484,76,0,0,0,0
s=3484,76,1825,0,0,0
s=3484,76,0,0,0,0
s=3330,332,0,0,0,0
s=3330,332,1247,0,0,0
s=3330,332,0,0,0,0
s=3970,742,0,0,0,0
s=3970,742,1768,0,0,0
s=3970,742,0,0,0,0
s=3356,537,0,0,0,0
s=3356,537,1261,0,0,0
s=3356,537,0,0,0,0
s=3535,639,0,0,0,0
s=3535,639,1388,0,0,0
s=3535,639,0,0,0,0
s=3970,0,0,0,0,0
s=3970,0,2234,0,0,0
s=3970,0,0,0,0,0
s=3740,383,0,0,0,0
s=3740,383,1543,0,0,0
s=3740,383,0,0,0,0
s=4047,537,0,0,0,0
s=4047,537,3629,0,0,0
s=4047,537,0,0,0,0
s=3970,25,0,0,0,0
s=3970,25,2431,0,0,0
s=3970,25,0,0,0,0
s=3996,588,0,0,0,0
s=3996,588,2290,0,0,0
s=3996,588,0,0,0,0
s=3586,563,0,0,0,0
s=3586,563,1331,0,0,0
s=3586,563,0,0,0,0
s=4021,102,0,0,0,0
s=4021,102,1966,0,0,0
s=4021,102,0,0,0,0
s=3842,946,0,0,0,0
s=3842,946,1402,0,0,0
s=3842,946,0,0,0,0
s=3356,281,0,0,0,0
s=3356,281,1247,0,0,0
s=3356,281,0,0,0,0
s=3765,332,0,0,0,0
s=3765,332,2149,0,0,0
s=3765,332,0,0,0,0
s=3561,76,0,0,0,0
s=3561,76,1670,0,0,0
s=3561,76,0,0,0,0
s=3330,563,0,0,0,0
s=3330,563,1289,0,0,0
s=3330,563,0,0,0,0
s=3868,153,0,0,0,0
s=3868,153,2177,0,0,0
s=3868,153,0,0,0,0
s=4073,460,0,0,0,0
s=4073,460,4080,0,0,0
s=4073,460,0,0,0,0
s=3893,25,0,0,0,0
s=3893,25,2558,0,0,0
s=3893,25,0,0,0,0
s=3689,76,0,0,0,0
s=3689,76,1966,0,0,0
s=3689,76,0,0,0,0
s=3740,76,0,0,0,0
s=3740,76,2248,0,0,0
s=3740,76,0,0,0,0
s=3791,460,0,0,0,0
s=3791,460,1656,0,0,0
s=3791,460,0,0,0,0
s=3791,307,0,0,0,0
s=3791,307,2248,0,0,0
s=3791,307,0,0,0,0
s=3945,511,0,0,0,0
s=3945,511,2473,0,0,0
s=3945,511,0,0,0,0
s=3740,537,0,0,0,0
s=3740,537,1515,0,0,0
s=3740,537,0,0,0,0
s=3177,921,0,0,0,0
s=3177,921,3263,0,0,0
s=3177,921,0,0,0,0
s=3817,255,0,0,0,0
s=3817,255,2022,0,0,0
s=3817,255,0,0,0,0
s=3919,946,0,0,0,0
s=3919,946,2008,0,0,0
s=3919,946,0,0,0,0
s=3842,563,0,0,0,0
s=3842,563,1938,0,0,0
s=3842,563,0,0,0,0
s=3740,51,0,0,0,0
s=3740,51,2290,0,0,0
s=3740,51,0,0,0,0
s=2921,435,0,0,0,0
s=2921,435,1952,0,0,0
s=2921,435,0,0,0,0
s=3382,25,0,0,0,0
s=3382,25,1571,0,0,0
s=3382,25,0,0,0,0
s=3561,409,0,0,0,0
s=3561,409,1472,0,0,0
s=3561,409,0,0,0,0
s=3305,51,0,0,0,0
s=3305,51,2022,0,0,0
s=3305,51,0,0,0,0
s=2972,742,0,0,0,0
s=2972,742,4024,0,0,0
s=2972,742,0,0,0,0
s=3791,588,0,0,0,0
s=3791,588,1641,0,0,0
s=3791,588,0,0,0,0
s=3689,537,0,0,0,0
s=3689,537,1444,0,0,0
s=3689,537,0,0,0,0
s=3561,588,0,0,0,0
s=3561,588,1374,0,0,0
s=3561,588,0,0,0,0
s=3970,358,0,0,0,0
s=3970,358,2642,0,0,0
s=3970,358,0,0,0,0
s=3765,358,0,0,0,0
s=3765,358,1768,0,0,0
s=3765,358,0,0,0,0
s=3561,307,0,0,0,0
s=3561,307,1515,0,0,0
s=3561,307,0,0,0,0
s=3893,383,0,0,0,0
s=3893,383,2403,0,0,0
s=3893,383,0,0,0,0
s=3330,76,0,0,0,0
s=3330,76,2149,0,0,0
s=3330,76,0,0,0,0
s=3612,588,0,0,0,0
s=3612,588,1331,0,0,0
s=3612,588,0,0,0,0
s=3996,895,0,0,0,0
s=3996,895,1416,0,0,0
s=3996,895,0,0,0,0
s=4047,486,0,0,0,0
s=4047,486,2628,0,0,0
s=4047,486,0,0,0,0
s=3868,332,0,0,0,0
s=3868,332,2389,0,0,0
s=3868,332,0,0,0,0
s=3612,307,0,0,0,0
s=3612,307,1613,0,0,0
s=3612,307,0,0,0,0
s=3970,563,0,0,0,0
s=3970,563,2459,0,0,0
s=3970,563,0,0,0,0
s=3919,486,0,0,0,0
s=3919,486,2473,0,0,0
s=3919,486,0,0,0,0
s=3305,281,0,0,0,0
s=3305,281,1233,0,0,0
s=3305,281,0,0,0,0
s=3842,332,0,0,0,0
s=3842,332,2360,0,0,0
s=3842,332,0,0,0,0
s=4021,793,0,0,0,0
s=4021,793,1782,0,0,0
s=4021,793,0,0,0,0
s=3945,742,0,0,0,0
s=3945,742,1754,0,0,0
s=3945,742,0,0,0,0
s=3458,332,0,0,0,0
s=3458,332,1430,0,0,0
s=3458,332,0,0,0,0
s=3612,51,0,0,0,0
s=3612,51,2022,0,0,0
s=3612,51,0,0,0,0
s=3714,486,0,0,0,0
s=3714,486,1515,0,0,0
s=3714,486,0,0,0,0
s=3561,486,0,0,0,0
s=3561,486,1345,0,0,0
s=3561,486,0,0,0,0
s=3868,76,0,0,0,0
s=3868,76,2304,0,0,0
s=3868,76,0,0,0,0
s=3458,25,0,0,0,0
s=3458,25,2050,0,0,0
s=3458,25,0,0,0,0
s=3765,383,0,0,0,0
s=3765,383,1641,0,0,0
s=3765,383,0,0,0,0
s=3996,153,0,0,0,0
s=3996,153,1515,0,0,0
s=3996,153,0,0,0,0
s=3510,537,0,0,0,0
s=3510,537,1247,0,0,0
s=3510,537,0,0,0,0
s=3817,127,0,0,0,0
s=3817,127,2262,0,0,0
s=3817,127,0,0,0,0
s=3638,51,0,0,0,0
s=3638,51,2036,0,0,0
s=3638,51,0,0,0,0
s=3919,435,0,0,0,0
s=3919,435,2473,0,0,0
s=3919,435,0,0,0,0
s=3996,742,0,0,0,0
s=3996,742,1543,0,0,0
s=3996,742,0,0,0,0
s=3893,307,0,0,0,0
s=3893,307,2332,0,0,0
s=3893,307,0,0,0,0
s=3817,563,0,0,0,0
s=3817,563,1811,0,0,0
s=3817,563,0,0,0,0
s=3663,435,0,0,0,0
s=3663,435,1515,0,0,0
s=3663,435,0,0,0,0
s=3919,358,0,0,0,0
s=3919,358,2544,0,0,0
s=3919,358,0,0,0,0
s=3945,691,0,0,0,0
s=3945,691,1571,0,0,0
s=3945,691,0,0,0,0
s=3561,511,0,0,0,0
s=3561,511,1275,0,0,0
s=3561,511,0,0,0,0
s=3791,614,0,0,0,0
s=3791,614,1585,0,0,0
s=3791,614,0,0,0,0
s=3740,281,0,0,0,0
s=3740,281,2163,0,0,0
s=3740,281,0,0,0,0
s=3996,255,0,0,0,0
s=3996,255,2050,0,0,0
s=3996,255,0,0,0,0
s=3791,0,0,0,0,0
s=3791,0,2276,0,0,0
s=3791,0,0,0,0,0
s=3842,76,0,0,0,0
s=3842,76,2375,0,0,0
s=3842,76,0,0,0,0
s=3893,127,0,0,0,0
s=3893,127,2121,0,0,0
s=3893,127,0,0,0,0
s=3330,25,0,0,0,0
s=3330,25,1825,0,0,0
s=3330,25,0,0,0,0
s=3791,255,0,0,0,0
s=3791,255,2036,0,0,0
s=3791,255,0,0,0,0
s=3740,1049,0,0,0,0
s=3740,1049,4080,0,0,0
s=3740,1049,0,0,0,0
s=3893,76,0,0,0,0
s=3893,76,2248,0,0,0
s=3893,76,0,0,0,0
s=3510,460,0,0,0,0
s=3510,460,1317,0,0,0
s=3510,460,0,0,0,0
s=2921,255,0,0,0,0
s=2921,255,2375,0,0,0
s=2921,255,0,0,0,0
s=3919,588,0,0,0,0
s=3919,588,2093,0,0,0
s=3919,588,0,0,0,0
s=3612,460,0,0,0,0
s=3612,460,1486,0,0,0
s=3612,460,0,0,0,0
s=3945,0,0,0,0,0
s=3945,0,2360,0,0,0
s=3945,0,0,0,0,0
s=4047,255,0,0,0,0
s=4047,255,1825,0,0,0
s=4047,255,0,0,0,0
s=2921,511,0,0,0,0
s=2921,511,1881,0,0,0
s=2921,511,0,0,0,0
s=4073,844,0,0,0,0
s=4073,844,4080,0,0,0
s=4073,844,0,0,0,0
s=3535,486,0,0,0,0
s=3535,486,1345,0,0,0
s=3535,486,0,0,0,0
s=3612,76,0,0,0,0
s=3612,76,1782,0,0,0
s=3612,76,0,0,0,0
s=3458,0,0,0,0,0
s=3458,0,1867,0,0,0
s=3458,0,0,0,0,0
s=3689,358,0,0,0,0
s=3689,358,1515,0,0,0
s=3689,358,0,0,0,0
s=3791,281,0,0,0,0
s=3791,281,2191,0,0,0
s=3791,281,0,0,0,0
s=3663,588,0,0,0,0
s=3663,588,1345,0,0,0
s=3663,588,0,0,0,0
s=3765,51,0,0,0,0
s=3765,51,2262,0,0,0
s=3765,51,0,0,0,0
s=3893,358,0,0,0,0
s=3893,358,2501,0,0,0
s=3893,358,0,0,0,0
s=3484,409,0,0,0,0
s=3484,409,1303,0,0,0
s=3484,409,0,0,0,0
s=3407,153,0,0,0,0
s=3407,153,2022,0,0,0
s=3407,153,0,0,0,0
s=3535,383,0,0,0,0
s=3535,383,1374,0,0,0
s=3535,383,0,0,0,0
s=3817,460,0,0,0,0
s=3817,460,1726,0,0,0
s=3817,460,0,0,0,0
s=3919,895,0,0,0,0
s=3919,895,1233,0,0,0
s=3919,895,0,0,0,0
s=3561,358,0,0,0,0
s=3561,358,1557,0,0,0
s=3561,358,0,0,0,0
s=3586,102,0,0,0,0
s=3586,102,1317,0,0,0
s=3586,102,0,0,0,0
s=3893,435,0,0,0,0
s=3893,435,2219,0,0,0
s=3893,435,0,0,0,0
s=3407,563,0,0,0,0
s=3407,563,1317,0,0,0
s=3407,563,0,0,0,0
s=3714,511,0,0,0,0
s=3714,511,1500,0,0,0
s=3714,511,0,0,0,0
s=3689,307,0,0,0,0
s=3689,307,1599,0,0,0
s=3689,307,0,0,0,0
s=3996,537,0,0,0,0
s=3996,537,2516,0,0,0
s=3996,537,0,0,0,0
s=3638,563,0,0,0,0
s=3638,563,1374,0,0,0
s=3638,563,0,0,0,0
s=3586,255,0,0,0,0
s=3586,255,1219,0,0,0
s=3586,255,0,0,0,0
s=3638,332,0,0,0,0
s=3638,332,1515,0,0,0
s=3638,332,0,0,0,0
s=3151,921,0,0,0,0
s=3151,921,4080,0,0,0
s=3151,921,0,0,0,0
s=3433,537,0,0,0,0
s=3433,537,1331,0,0,0
s=3433,537,0,0,0,0
s=3970,435,0,0,0,0
s=3970,435,2586,0,0,0
s=3970,435,0,0,0,0
s=3740,435,0,0,0,0
s=3740,435,1698,0,0,0
s=3740,435,0,0,0,0
s=3254,76,0,0,0,0
s=3254,76,1740,0,0,0
s=3254,76,0,0,0,0
s=3510,25,0,0,0,0
s=3510,25,1952,0,0,0
s=3510,25,0,0,0,0
s=4073,767,0,0,0,0
s=4073,767,4080,0,0,0
s=4073,767,0,0,0,0
s=3689,511,0,0,0,0
s=3689,511,1529,0,0,0
s=3689,511,0,0,0,0
s=3791,563,0,0,0,0
s=3791,563,1670,0,0,0
s=3791,563,0,0,0,0
s=3893,0,0,0,0,0
s=3893,0,2586,0,0,0
s=3893,0,0,0,0,0
s=3356,332,0,0,0,0
s=3356,332,1331,0,0,0
s=3356,332,0,0,0,0
s=3356,76,0,0,0,0
s=3356,76,1881,0,0,0
s=3356,76,0,0,0,0
s=3561,51,0,0,0,0
s=3561,51,1839,0,0,0
s=3561,51,0,0,0,0
s=3919,383,0,0,0,0
s=3919,383,2544,0,0,0
s=3919,383,0,0,0,0
s=3663,537,0,0,0,0
s=3663,537,1444,0,0,0
s=3663,537,0,0,0,0
s=4021,639,0,0,0,0
s=4021,639,1895,0,0,0
s=4021,639,0,0,0,0
s=3407,127,0,0,0,0
s=3407,127,1599,0,0,0
s=3407,127,0,0,0,0
s=3919,614,0,0,0,0
s=3919,614,1768,0,0,0
s=3919,614,0,0,0,0
s=3305,537,0,0,0,0
s=3305,537,1261,0,0,0
s=3305,537,0,0,0,0
s=3919,767,0,0,0,0
s=3919,767,1740,0,0,0
s=3919,767,0,0,0,0
s=3330,204,0,0,0,0
s=3330,204,1825,0,0,0
s=3330,204,0,0,0,0
s=3945,895,0,0,0,0
s=3945,895,1613,0,0,0
s=3945,895,0,0,0,0
s=3356,127,0,0,0,0
s=3356,127,1712,0,0,0
s=3356,127,0,0,0,0
s=2946,665,0,0,0,0
s=2946,665,4080,0,0,0
s=2946,665,0,0,0,0
s=3945,127,0,0,0,0
s=3945,127,2050,0,0,0
s=3945,127,0,0,0,0
s=3612,1023,0,0,0,0
s=3612,1023,3235,0,0,0
s=3612,1023,0,0,0,0
s=3740,307,0,0,0,0
s=3740,307,2205,0,0,0
s=3740,307,0,0,0,0
s=3945,819,0,0,0,0
s=3945,819,1416,0,0,0
s=3945,819,0,0,0,0
s=3279,76,0,0,0,0
s=3279,76,1656,0,0,0
s=3279,76,0,0,0,0
s=3842,307,0,0,0,0
s=3842,307,2318,0,0,0
s=3842,307,0,0,0,0
s=2921,281,0,0,0,0
s=2921,281,1768,0,0,0
s=2921,281,0,0,0,0
s=3330,614,0,0,0,0
s=3330,614,1275,0,0,0
s=3330,614,0,0,0,0
s=3279,25,0,0,0,0
s=3279,25,1543,0,0,0
s=3279,25,0,0,0,0
s=3407,25,0,0,0,0
s=3407,25,1233,0,0,0
s=3407,25,0,0,0,0
s=3945,383,0,0,0,0
s=3945,383,2642,0,0,0
s=3945,383,0,0,0,0
s=3945,972,0,0,0,0
s=3945,972,4080,0,0,0
s=3945,972,0,0,0,0
s=4021,486,0,0,0,0
s=4021,486,2628,0,0,0
s=4021,486,0,0,0,0
s=3791,51,0,0,0,0
s=3791,51,2276,0,0,0
s=3791,51,0,0,0,0
s=3484,460,0,0,0,0
s=3484,460,1317,0,0,0
s=3484,460,0,0,0,0
s=3382,332,0,0,0,0
s=3382,332,1359,0,0,0
s=3382,332,0,0,0,0
s=3433,435,0,0,0,0
s=3433,435,1233,0,0,0
s=3433,435,0,0,0,0
s=3663,0,0,0,0,0
s=3663,0,2191,0,0,0
s=3663,0,0,0,0,0
s=3458,563,0,0,0,0
s=3458,563,1331,0,0,0
s=3458,563,0,0,0,0
s=3228,0,0,0,0,0
s=3228,0,1317,0,0,0
s=3228,0,0,0,0,0
s=3433,153,0,0,0,0
s=3433,153,2008,0,0,0
s=3433,153,0,0,0,0
s=3714,435,0,0,0,0
s=3714,435,1656,0,0,0
s=3714,435,0,0,0,0
s=3945,435,0,0,0,0
s=3945,435,2572,0,0,0
s=3945,435,0,0,0,0
s=3817,153,0,0,0,0
s=3817,153,2093,0,0,0
s=3817,153,0,0,0,0
s=3510,409,0,0,0,0
s=3510,409,1388,0,0,0
s=3510,409,0,0,0,0
s=3586,409,0,0,0,0
s=3586,409,1430,0,0,0
s=3586,409,0,0,0,0
s=3893,102,0,0,0,0
s=3893,102,2149,0,0,0
s=3893,102,0,0,0,0
s=4073,691,0,0,0,0
s=4073,691,4066,0,0,0
s=4073,691,0,0,0,0
s=3330,972,0,0,0,0
s=3330,972,4080,0,0,0
s=3330,972,0,0,0,0
s=3970,486,0,0,0,0
s=3970,486,2614,0,0,0
s=3970,486,0,0,0,0
s=3663,102,0,0,0,0
s=3663,102,1543,0,0,0
s=3663,102,0,0,0,0
s=3945,665,0,0,0,0
s=3945,665,1458,0,0,0
s=3945,665,0,0,0,0
s=3714,127,0,0,0,0
s=3714,127,2022,0,0,0
s=3714,127,0,0,0,0
s=3868,563,0,0,0,0
s=3868,563,2121,0,0,0
s=3868,563,0,0,0,0
s=3535,588,0,0,0,0
s=3535,588,1303,0,0,0
s=3535,588,0,0,0,0
s=3407,307,0,0,0,0
s=3407,307,1317,0,0,0
s=3407,307,0,0,0,0
s=3919,281,0,0,0,0
s=3919,281,2205,0,0,0
s=3919,281,0,0,0,0
s=4073,665,0,0,0,0
s=4073,665,4080,0,0,0
s=4073,665,0,0,0,0
s=3382,51,0,0,0,0
s=3382,51,1599,0,0,0
s=3382,51,0,0,0,0
s=3279,102,0,0,0,0
s=3279,102,1613,0,0,0
s=3279,102,0,0,0,0
s=3996,332,0,0,0,0
s=3996,332,2530,0,0,0
s=3996,332,0,0,0,0
s=3535,0,0,0,0,0
s=3535,0,1980,0,0,0
s=3535,0,0,0,0,0
s=3535,76,0,0,0,0
s=3535,76,1881,0,0,0
s=3535,76,0,0,0,0
s=3510,153,0,0,0,0
s=3510,153,1543,0,0,0
s=3510,153,0,0,0,0
s=3919,511,0,0,0,0
s=3919,511,2431,0,0,0
s=3919,511,0,0,0,0
s=3919,153,0,0,0,0
s=3919,153,1909,0,0,0
s=3919,153,0,0,0,0
s=3663,51,0,0,0,0
s=3663,51,2078,0,0,0
s=3663,51,0,0,0,0
s=4021,25,0,0,0,0
s=4021,25,2064,0,0,0
s=4021,25,0,0,0,0
s=3791,1049,0,0,0,0
s=3791,1049,4080,0,0,0
s=3791,1049,0,0,0,0
s=4021,332,0,0,0,0
s=4021,332,2290,0,0,0
s=4021,332,0,0,0,0
s=3356,102,0,0,0,0
s=3356,102,2008,0,0,0
s=3356,102,0,0,0,0
s=3458,51,0,0,0,0
s=3458,51,1980,0,0,0
s=3458,51,0,0,0,0
s=3586,76,0,0,0,0
s=3586,76,1599,0,0,0
s=3586,76,0,0,0,0
s=3740,460,0,0,0,0
s=3740,460,1641,0,0,0
s=3740,460,0,0,0,0
s=3484,102,0,0,0,0
s=3484,102,1768,0,0,0
s=3484,102,0,0,0,0
s=3510,614,0,0,0,0
s=3510,614,1247,0,0,0
s=3510,614,0,0,0,0
s=4021,691,0,0,0,0
s=4021,691,1684,0,0,0
s=4021,691,0,0,0,0
s=3510,639,0,0,0,0
s=3510,639,1261,0,0,0
s=3510,639,0,0,0,0
s=4021,460,0,0,0,0
s=4021,460,2628,0,0,0
s=4021,460,0,0,0,0
s=3868,511,0,0,0,0
s=3868,511,2093,0,0,0
s=3868,511,0,0,0,0
s=3535,332,0,0,0,0
s=3535,332,1557,0,0,0
s=3535,332,0,0,0,0
s=3842,25,0,0,0,0
s=3842,25,2431,0,0,0
s=3842,25,0,0,0,0
s=3970,307,0,0,0,0
s=3970,307,2501,0,0,0
s=3970,307,0,0,0,0
s=3458,255,0,0,0,0
s=3458,255,1275,0,0,0
s=3458,255,0,0,0,0
s=4073,0,0,0,0,0
s=4073,0,1782,0,0,0
s=4073,0,0,0,0,0
s=3919,255,0,0,0,0
s=3919,255,1867,0,0,0
s=3919,255,0,0,0,0
s=3535,614,0,0,0,0
s=3535,614,1275,0,0,0
s=3535,614,0,0,0,0
s=3868,486,0,0,0,0
s=3868,486,2121,0,0,0
s=3868,486,0,0,0,0
s=4021,409,0,0,0,0
s=4021,409,2600,0,0,0
s=4021,409,0,0,0,0
s=4021,230,0,0,0,0
s=4021,230,1402,0,0,0
s=4021,230,0,0,0,0
s=3945,946,0,0,0,0
s=3945,946,4066,0,0,0
s=3945,946,0,0,0,0
s=3817,76,0,0,0,0
s=3817,76,2346,0,0,0
s=3817,76,0,0,0,0
s=3945,460,0,0,0,0
s=3945,460,2544,0,0,0
s=3945,460,0,0,0,0
s=3765,486,0,0,0,0
s=3765,486,1557,0,0,0
s=3765,486,0,0,0,0
s=3996,281,0,0,0,0
s=3996,281,1952,0,0,0
s=3996,281,0,0,0,0
s=3279,127,0,0,0,0
s=3279,127,1613,0,0,0
s=3279,127,0,0,0,0
s=3638,127,0,0,0,0
s=3638,127,1233,0,0,0
s=3638,127,0,0,0,0
s=4073,255,0,0,0,0
s=4073,255,1331,0,0,0
s=4073,255,0,0,0,0
s=3535,1023,0,0,0,0
s=3535,1023,3249,0,0,0
s=3535,1023,0,0,0,0
s=4021,563,0,0,0,0
s=4021,563,2318,0,0,0
s=4021,563,0,0,0,0
s=2946,767,0,0,0,0
s=2946,767,4080,0,0,0
s=2946,767,0,0,0,0
s=3561,25,0,0,0,0
s=3561,25,1895,0,0,0
s=3561,25,0,0,0,0
s=3970,716,0,0,0,0
s=3970,716,1557,0,0,0
s=3970,716,0,0,0,0
s=2921,383,0,0,0,0
s=2921,383,1486,0,0,0
s=2921,383,0,0,0,0
s=3612,332,0,0,0,0
s=3612,332,1543,0,0,0
s=3612,332,0,0,0,0
s=2972,691,0,0,0,0
s=2972,691,1359,0,0,0
s=2972,691,0,0,0,0
s=2972,614,0,0,0,0
s=2972,614,4052,0,0,0
s=2972,614,0,0,0,0
s=3919,972,0,0,0,0
s=3919,972,4080,0,0,0
s=3919,972,0,0,0,0
s=3100,895,0,0,0,0
s=3100,895,1698,0,0,0
s=3100,895,0,0,0,0
s=3049,895,0,0,0,0
s=3049,895,4066,0,0,0
s=3049,895,0,0,0,0
s=4047,767,0,0,0,0
s=4047,767,1656,0,0,0
s=4047,767,0,0,0,0
s=3817,383,0,0,0,0
s=3817,383,1726,0,0,0
s=3817,383,0,0,0,0
s=3510,332,0,0,0,0
s=3510,332,1500,0,0,0
s=3510,332,0,0,0,0
s=3996,409,0,0,0,0
s=3996,409,2628,0,0,0
s=3996,409,0,0,0,0
s=3638,435,0,0,0,0
s=3638,435,1430,0,0,0
s=3638,435,0,0,0,0
s=3970,511,0,0,0,0
s=3970,511,2544,0,0,0
s=3970,511,0,0,0,0
s=3689,1023,0,0,0,0
s=3689,1023,1684,0,0,0
s=3689,1023,0,0,0,0
s=3535,358,0,0,0,0
s=3535,358,1515,0,0,0
s=3535,358,0,0,0,0
s=3893,614,0,0,0,0
s=3893,614,1670,0,0,0
s=3893,614,0,0,0,0
s=3586,0,0,0,0,0
s=3586,0,2022,0,0,0
s=3586,0,0,0,0,0
s=3484,307,0,0,0,0
s=3484,307,1472,0,0,0
s=3484,307,0,0,0,0
s=3510,511,0,0,0,0
s=3510,511,1345,0,0,0
s=3510,511,0,0,0,0
s=3330,179,0,0,0,0
s=3330,179,1895,0,0,0
s=3330,179,0,0,0,0
s=3970,127,0,0,0,0
s=3970,127,2304,0,0,0
s=3970,127,0,0,0,0
s=3996,486,0,0,0,0
s=3996,486,2614,0,0,0
s=3996,486,0,0,0,0
s=3356,358,0,0,0,0
s=3356,358,1275,0,0,0
s=3356,358,0,0,0,0
s=3586,511,0,0,0,0
s=3586,511,1374,0,0,0
s=3586,511,0,0,0,0
s=3893,716,0,0,0,0
s=3893,716,1458,0,0,0
s=3893,716,0,0,0,0
s=3586,486,0,0,0,0
s=3586,486,1374,0,0,0
s=3586,486,0,0,0,0
s=3765,255,0,0,0,0
s=3765,255,2050,0,0,0
s=3765,255,0,0,0,0
s=3714,383,0,0,0,0
s=3714,383,1543,0,0,0
s=3714,383,0,0,0,0
s=3561,332,0,0,0,0
s=3561,332,1585,0,0,0
s=3561,332,0,0,0,0
s=4073,588,0,0,0,0
s=4073,588,2431,0,0,0
s=4073,588,0,0,0,0
s=3893,153,0,0,0,0
s=3893,153,2078,0,0,0
s=3893,153,0,0,0,0
s=3407,102,0,0,0,0
s=3407,102,1331,0,0,0
s=3407,102,0,0,0,0
s=3996,563,0,0,0,0
s=3996,563,2487,0,0,0
s=3996,563,0,0,0,0
s=3458,76,0,0,0,0
s=3458,76,1839,0,0,0
s=3458,76,0,0,0,0
s=3714,1049,0,0,0,0
s=3714,1049,4080,0,0,0
s=3714,1049,0,0,0,0
s=3254,51,0,0,0,0
s=3254,51,1698,0,0,0
s=3254,51,0,0,0,0
s=3561,1023,0,0,0,0
s=3561,1023,3235,0,0,0
s=3561,1023,0,0,0,0
s=3561,614,0,0,0,0
s=3561,614,1359,0,0,0
s=3561,614,0,0,0,0
s=3970,281,0,0,0,0
s=3970,281,1994,0,0,0
s=3970,281,0,0,0,0
s=3484,511,0,0,0,0
s=3484,511,1359,0,0,0
s=3484,511,0,0,0,0
s=3791,358,0,0,0,0
s=3791,358,1938,0,0,0
s=3791,358,0,0,0,0
s=3945,537,0,0,0,0
s=3945,537,2473,0,0,0
s=3945,537,0,0,0,0
s=3945,153,0,0,0,0
s=3945,153,1712,0,0,0
s=3945,153,0,0,0,0
s=3382,588,0,0,0,0
s=3382,588,1402,0,0,0
s=3382,588,0,0,0,0
s=3765,460,0,0,0,0
s=3765,460,1571,0,0,0
s=3765,460,0,0,0,0
s=3970,614,0,0,0,0
s=3970,614,1938,0,0,0
s=3970,614,0,0,0,0
s=3330,0,0,0,0,0
s=3330,0,1853,0,0,0
s=3330,0,0,0,0,0
s=3945,332,0,0,0,0
s=3945,332,2530,0,0,0
s=3945,332,0,0,0,0
s=3535,435,0,0,0,0
s=3535,435,1359,0,0,0
s=3535,435,0,0,0,0
s=2921,409,0,0,0,0
s=2921,409,1966,0,0,0
s=2921,409,0,0,0,0
s=2921,486,0,0,0,0
s=2921,486,1881,0,0,0
s=2921,486,0,0,0,0
s=4021,358,0,0,0,0
s=4021,358,2614,0,0,0
s=4021,358,0,0,0,0
s=3842,486,0,0,0,0
s=3842,486,1938,0,0,0
s=3842,486,0,0,0,0
s=3356,179,0,0,0,0
s=3356,179,2036,0,0,0
s=3356,179,0,0,0,0
s=3893,537,0,0,0,0
s=3893,537,2290,0,0,0
s=3893,537,0,0,0,0
s=3714,409,0,0,0,0
s=3714,409,1571,0,0,0
s=3714,409,0,0,0,0
s=3970,51,0,0,0,0
s=3970,51,2290,0,0,0
s=3970,51,0,0,0,0
s=3279,0,0,0,0,0
s=3279,0,1515,0,0,0
s=3279,0,0,0,0,0
s=3740,614,0,0,0,0
s=3740,614,1416,0,0,0
s=3740,614,0,0,0,0
s=2946,127,0,0,0,0
s=2946,127,1219,0,0,0
s=2946,127,0,0,0,0
s=3919,51,0,0,0,0
s=3919,51,2431,0,0,0
s=3919,51,0,0,0,0
s=3126,921,0,0,0,0
s=3126,921,4080,0,0,0
s=3126,921,0,0,0,0
s=3893,486,0,0,0,0
s=3893,486,2346,0,0,0
s=3893,486,0,0,0,0
s=3970,691,0,0,0,0
s=3970,691,1430,0,0,0
s=3970,691,0,0,0,0
s=4047,358,0,0,0,0
s=4047,358,2586,0,0,0
s=4047,358,0,0,0,0
s=3919,332,0,0,0,0
s=3919,332,2473,0,0,0
s=3919,332,0,0,0,0
s=3893,255,0,0,0,0
s=3893,255,1938,0,0,0
s=3893,255,0,0,0,0
s=3382,281,0,0,0,0
s=3382,281,1317,0,0,0
s=3382,281,0,0,0,0
s=3740,511,0,0,0,0
s=3740,511,1529,0,0,0
s=3740,511,0,0,0,0
s=3893,639,0,0,0,0
s=3893,639,1402,0,0,0
s=3893,639,0,0,0,0
s=3305,614,0,0,0,0
s=3305,614,1247,0,0,0
s=3305,614,0,0,0,0
s=3765,1023,0,0,0,0
s=3765,1023,4080,0,0,0
s=3765,1023,0,0,0,0
s=3484,0,0,0,0,0
s=3484,0,1909,0,0,0
s=3484,0,0,0,0,0
s=3970,844,0,0,0,0
s=3970,844,1374,0,0,0
s=3970,844,0,0,0,0
s=3842,537,0,0,0,0
s=3842,537,1867,0,0,0
s=3842,537,0,0,0,0
s=3279,51,0,0,0,0
s=3279,51,1613,0,0,0
s=3279,51,0,0,0,0
s=3765,281,0,0,0,0
s=3765,281,2205,0,0,0
s=3765,281,0,0,0,0
s=3279,946,0,0,0,0
s=3279,946,1571,0,0,0
s=3279,946,0,0,0,0
s=2972,793,0,0,0,0
s=2972,793,2544,0,0,0
s=2972,793,0,0,0,0
s=3970,102,0,0,0,0
s=3970,102,2135,0,0,0
s=3970,102,0,0,0,0
s=3279,614,0,0,0,0
s=3279,614,1219,0,0,0
s=3279,614,0,0,0,0
s=3817,537,0,0,0,0
s=3817,537,1839,0,0,0
s=3817,537,0,0,0,0
s=3842,511,0,0,0,0
s=3842,511,1966,0,0,0
s=3842,511,0,0,0,0
s=3638,486,0,0,0,0
s=3638,486,1529,0,0,0
s=3638,486,0,0,0,0
s=3893,972,0,0,0,0
s=3893,972,3502,0,0,0
s=3893,972,0,0,0,0
s=3945,716,0,0,0,0
s=3945,716,1726,0,0,0
s=3945,716,0,0,0,0
s=3689,1074,0,0,0,0
s=3689,1074,4080,0,0,0
s=3689,1074,0,0,0,0
s=3612,358,0,0,0,0
s=3612,358,1543,0,0,0
s=3612,358,0,0,0,0
s=3305,127,0,0,0,0
s=3305,127,1740,0,0,0
s=3305,127,0,0,0,0
s=3842,588,0,0,0,0
s=3842,588,1853,0,0,0
s=3842,588,0,0,0,0
s=4047,230,0,0,0,0
s=4047,230,1374,0,0,0
s=4047,230,0,0,0,0
s=3612,25,0,0,0,0
s=3612,25,2036,0,0,0
s=3612,25,0,0,0,0
s=3382,153,0,0,0,0
s=3382,153,1331,0,0,0
s=3382,153,0,0,0,0
s=2946,691,0,0,0,0
s=2946,691,3376,0,0,0
s=2946,691,0,0,0,0
s=3817,25,0,0,0,0
s=3817,25,2360,0,0,0
s=3817,25,0,0,0,0
s=3356,0,0,0,0,0
s=3356,0,1768,0,0,0
s=3356,0,0,0,0,0
s=3663,358,0,0,0,0
s=3663,358,1613,0,0,0
s=3663,358,0,0,0,0
s=2998,844,0,0,0,0
s=2998,844,4080,0,0,0
s=2998,844,0,0,0,0
s=3791,537,0,0,0,0
s=3791,537,1740,0,0,0
s=3791,537,0,0,0,0
s=3484,639,0,0,0,0
s=3484,639,1261,0,0,0
s=3484,639,0,0,0,0
s=3842,102,0,0,0,0
s=3842,102,2332,0,0,0
s=3842,102,0,0,0,0
s=3049,844,0,0,0,0
s=3049,844,3460,0,0,0
s=3049,844,0,0,0,0
s=2895,281,0,0,0,0
s=2895,281,4080,0,0,0
s=2895,281,0,0,0,0
s=3638,588,0,0,0,0
s=3638,588,1374,0,0,0
s=3638,588,0,0,0,0
s=3740,409,0,0,0,0
s=3740,409,1571,0,0,0
s=3740,409,0,0,0,0
s=4047,460,0,0,0,0
s=4047,460,2586,0,0,0
s=4047,460,0,0,0,0
s=3842,0,0,0,0,0
s=3842,0,2431,0,0,0
s=3842,0,0,0,0,0
s=3689,281,0,0,0,0
s=3689,281,1529,0,0,0
s=3689,281,0,0,0,0
s=3765,102,0,0,0,0
s=3765,102,2332,0,0,0
s=3765,102,0,0,0,0
s=3305,102,0,0,0,0
s=3305,102,1839,0,0,0
s=3305,102,0,0,0,0
s=3586,460,0,0,0,0
s=3586,460,1416,0,0,0
s=3586,460,0,0,0,0
s=4021,844,0,0,0,0
s=4021,844,2727,0,0,0
s=4021,844,0,0,0,0
s=3433,665,0,0,0,0
s=3433,665,1317,0,0,0
s=3433,665,0,0,0,0
s=3382,179,0,0,0,0
s=3382,179,2093,0,0,0
s=3382,179,0,0,0,0
s=3842,435,0,0,0,0
s=3842,435,1811,0,0,0
s=3842,435,0,0,0,0
s=3433,76,0,0,0,0
s=3433,76,1740,0,0,0
s=3433,76,0,0,0,0
s=4073,25,0,0,0,0
s=4073,25,1966,0,0,0
s=4073,25,0,0,0,0
s=3817,1023,0,0,0,0
s=3817,1023,4080,0,0,0
s=3817,1023,0,0,0,0
s=4073,511,0,0,0,0
s=4073,511,4080,0,0,0
s=4073,511,0,0,0,0
s=3919,409,0,0,0,0
s=3919,409,2530,0,0,0
s=3919,409,0,0,0,0
s=3740,0,0,0,0,0
s=3740,0,2332,0,0,0
s=3740,0,0,0,0,0
s=3510,0,0,0,0,0
s=3510,0,1938,0,0,0
s=3510,0,0,0,0,0
s=4021,76,0,0,0,0
s=4021,76,2163,0,0,0
s=4021,76,0,0,0,0
s=3305,153,0,0,0,0
s=3305,153,1684,0,0,0
s=3305,153,0,0,0,0
s=3817,281,0,0,0,0
s=3817,281,2219,0,0,0
s=3817,281,0,0,0,0
s=3868,409,0,0,0,0
s=3868,409,1909,0,0,0
s=3868,409,0,0,0,0
s=3586,51,0,0,0,0
s=3586,51,1938,0,0,0
s=3586,51,0,0,0,0
s=3407,511,0,0,0,0
s=3407,511,1289,0,0,0
s=3407,511,0,0,0,0
s=3663,307,0,0,0,0
s=3663,307,1627,0,0,0
s=3663,307,0,0,0,0
s=3356,255,0,0,0,0
s=3356,255,1233,0,0,0
s=3356,255,0,0,0,0
s=3458,614,0,0,0,0
s=3458,614,1430,0,0,0
s=3458,614,0,0,0,0
s=3458,998,0,0,0,0
s=3458,998,4080,0,0,0
s=3458,998,0,0,0,0
s=3970,767,0,0,0,0
s=3970,767,1740,0,0,0
s=3970,767,0,0,0,0
s=2921,230,0,0,0,0
s=2921,230,2417,0,0,0
s=2921,230,0,0,0,0
s=4073,332,0,0,0,0
s=4073,332,2516,0,0,0
s=4073,332,0,0,0,0
s=3561,563,0,0,0,0
s=3561,563,1345,0,0,0
s=3561,563,0,0,0,0
s=3638,537,0,0,0,0
s=3638,537,1458,0,0,0
s=3638,537,0,0,0,0
s=3663,1074,0,0,0,0
s=3663,1074,4080,0,0,0
s=3663,1074,0,0,0,0
s=3535,102,0,0,0,0
s=3535,102,1768,0,0,0
s=3535,102,0,0,0,0
s=3356,563,0,0,0,0
s=3356,563,1289,0,0,0
s=3356,563,0,0,0,0
s=3996,793,0,0,0,0
s=3996,793,1754,0,0,0
s=3996,793,0,0,0,0
s=3842,255,0,0,0,0
s=3842,255,1966,0,0,0
s=3842,255,0,0,0,0
s=3458,665,0,0,0,0
s=3458,665,1261,0,0,0
s=3458,665,0,0,0,0
s=3305,0,0,0,0,0
s=3305,0,2064,0,0,0
s=3305,0,0,0,0,0
s=4047,281,0,0,0,0
s=4047,281,1839,0,0,0
s=4047,281,0,0,0,0
s=3586,588,0,0,0,0
s=3586,588,1331,0,0,0
s=3586,588,0,0,0,0
s=3868,588,0,0,0,0
s=3868,588,2008,0,0,0
s=3868,588,0,0,0,0
s=3638,281,0,0,0,0
s=3638,281,1486,0,0,0
s=3638,281,0,0,0,0
s=3740,127,0,0,0,0
s=3740,127,2248,0,0,0
s=3740,127,0,0,0,0
s=2921,358,0,0,0,0
s=2921,358,1359,0,0,0
s=2921,358,0,0,0,0
s=3638,25,0,0,0,0
s=3638,25,2121,0,0,0
s=3638,25,0,0,0,0
s=3330,255,0,0,0,0
s=3330,255,1233,0,0,0
s=3330,255,0,0,0,0
s=3996,844,0,0,0,0
s=3996,844,1585,0,0,0
s=3996,844,0,0,0,0
s=3433,639,0,0,0,0
s=3433,639,1402,0,0,0
s=3433,639,0,0,0,0
s=3407,76,0,0,0,0
s=3407,76,1374,0,0,0
s=3407,76,0,0,0,0
s=3689,409,0,0,0,0
s=3689,409,1557,0,0,0
s=3689,409,0,0,0,0
s=3996,921,0,0,0,0
s=3996,921,2191,0,0,0
s=3996,921,0,0,0,0
s=3893,742,0,0,0,0
s=3893,742,1500,0,0,0
s=3893,742,0,0,0,0
s=3663,563,0,0,0,0
s=3663,563,1303,0,0,0
s=3663,563,0,0,0,0
s=3484,1023,0,0,0,0
s=3484,1023,4080,0,0,0
s=3484,1023,0,0,0,0
s=3996,665,0,0,0,0
s=3996,665,1444,0,0,0
s=3996,665,0,0,0,0
s=4073,409,0,0,0,0
s=4073,409,2558,0,0,0
s=4073,409,0,0,0,0
s=3510,358,0,0,0,0
s=3510,358,1430,0,0,0
s=3510,358,0,0,0,0
s=3484,153,0,0,0,0
s=3484,153,1698,0,0,0
s=3484,153,0,0,0,0
s=3996,127,0,0,0,0
s=3996,127,1825,0,0,0
s=3996,127,0,0,0,0
s=3689,383,0,0,0,0
s=3689,383,1529,0,0,0
s=3689,383,0,0,0,0
s=3996,460,0,0,0,0
s=3996,460,2657,0,0,0
s=3996,460,0,0,0,0
s=3996,819,0,0,0,0
s=3996,819,1712,0,0,0
s=3996,819,0,0,0,0
s=3612,537,0,0,0,0
s=3612,537,1402,0,0,0
s=3612,537,0,0,0,0
s=2921,127,0,0,0,0
s=2921,127,4052,0,0,0
s=2921,127,0,0,0,0
s=3382,383,0,0,0,0
s=3382,383,1317,0,0,0
s=3382,383,0,0,0,0
s=3484,51,0,0,0,0
s=3484,51,1923,0,0,0
s=3484,51,0,0,0,0
s=3791,127,0,0,0,0
s=3791,127,2332,0,0,0
s=3791,127,0,0,0,0
s=3714,1023,0,0,0,0
s=3714,1023,4080,0,0,0
s=3714,1023,0,0,0,0
s=4073,614,0,0,0,0
s=4073,614,3150,0,0,0
s=4073,614,0,0,0,0
s=3842,460,0,0,0,0
s=3842,460,1825,0,0,0
s=3842,460,0,0,0,0
s=3510,51,0,0,0,0
s=3510,51,1952,0,0,0
s=3510,51,0,0,0,0
s=3919,25,0,0,0,0
s=3919,25,2431,0,0,0
s=3919,25,0,0,0,0
s=4073,486,0,0,0,0
s=4073,486,4080,0,0,0
s=4073,486,0,0,0,0
s=2946,614,0,0,0,0
s=2946,614,4080,0,0,0
s=2946,614,0,0,0,0
s=4073,383,0,0,0,0
s=4073,383,2586,0,0,0
s=4073,383,0,0,0,0
s=3561,0,0,0,0,0
s=3561,0,1966,0,0,0
s=3561,0,0,0,0,0
s=3663,460,0,0,0,0
s=3663,460,1543,0,0,0
s=3663,460,0,0,0,0
s=3484,537,0,0,0,0
s=3484,537,1331,0,0,0
s=3484,537,0,0,0,0
s=3817,0,0,0,0,0
s=3817,0,2346,0,0,0
s=3817,0,0,0,0,0
s=3893,563,0,0,0,0
s=3893,563,2205,0,0,0
s=3893,563,0,0,0,0
s=3279,179,0,0,0,0
s=3279,179,1627,0,0,0
s=3279,179,0,0,0,0
s=3740,486,0,0,0,0
s=3740,486,1543,0,0,0
s=3740,486,0,0,0,0
s=3382,204,0,0,0,0
s=3382,204,1712,0,0,0
s=3382,204,0,0,0,0
s=3893,460,0,0,0,0
s=3893,460,2276,0,0,0
s=3893,460,0,0,0,0
s=3663,1023,0,0,0,0
s=3663,1023,1219,0,0,0
s=3663,1023,0,0,0,0
s=3868,307,0,0,0,0
s=3868,307,2346,0,0,0
s=3868,307,0,0,0,0
s=3510,307,0,0,0,0
s=3510,307,1557,0,0,0
s=3510,307,0,0,0,0
s=3842,51,0,0,0,0
s=3842,51,2431,0,0,0
s=3842,51,0,0,0,0
s=4021,588,0,0,0,0
s=4021,588,2219,0,0,0
s=4021,588,0,0,0,0
s=3433,614,0,0,0,0
s=3433,614,1303,0,0,0
s=3433,614,0,0,0,0
s=3919,691,0,0,0,0
s=3919,691,1613,0,0,0
s=3919,691,0,0,0,0
s=3407,281,0,0,0,0
s=3407,281,1331,0,0,0
s=3407,281,0,0,0,0
s=3996,716,0,0,0,0
s=3996,716,1388,0,0,0
s=3996,716,0,0,0,0
s=3433,179,0,0,0,0
s=3433,179,1712,0,0,0
s=3433,179,0,0,0,0
s=3586,537,0,0,0,0
s=3586,537,1472,0,0,0
s=3586,537,0,0,0,0
s=3689,0,0,0,0,0
s=3689,0,2234,0,0,0
s=3689,0,0,0,0,0
s=4021,665,0,0,0,0
s=4021,665,1782,0,0,0
s=4021,665,0,0,0,0
s=3612,486,0,0,0,0
s=3612,486,1486,0,0,0
s=3612,486,0,0,0,0
s=3586,435,0,0,0,0
s=3586,435,1388,0,0,0
s=3586,435,0,0,0,0
s=2921,25,0,0,0,0
s=2921,25,1500,0,0,0
s=2921,25,0,0,0,0
s=3356,486,0,0,0,0
s=3356,486,1219,0,0,0
s=3356,486,0,0,0,0
s=3433,358,0,0,0,0
s=3433,358,1289,0,0,0
s=3433,358,0,0,0,0
s=3689,614,0,0,0,0
s=3689,614,1317,0,0,0
s=3689,614,0,0,0,0
s=3765,76,0,0,0,0
s=3765,76,2318,0,0,0
s=3765,76,0,0,0,0
s=3510,1023,0,0,0,0
s=3510,1023,3855,0,0,0
s=3510,1023,0,0,0,0
s=4021,511,0,0,0,0
s=4021,511,2614,0,0,0
s=4021,511,0,0,0,0
s=3561,383,0,0,0,0
s=3561,383,1472,0,0,0
s=3561,383,0,0,0,0
s=3663,76,0,0,0,0
s=3663,76,1825,0,0,0
s=3663,76,0,0,0,0
s=3535,281,0,0,0,0
s=3535,281,1416,0,0,0
s=3535,281,0,0,0,0
s=4073,76,0,0,0,0
s=4073,76,1500,0,0,0
s=4073,76,0,0,0,0
s=3970,537,0,0,0,0
s=3970,537,2530,0,0,0
s=3970,537,0,0,0,0
s=3356,204,0,0,0,0
s=3356,204,1938,0,0,0
s=3356,204,0,0,0,0
s=3868,614,0,0,0,0
s=3868,614,1613,0,0,0
s=3868,614,0,0,0,0
s=4047,511,0,0,0,0
s=4047,511,2516,0,0,0
s=4047,511,0,0,0,0
s=4021,127,0,0,0,0
s=4021,127,1754,0,0,0
s=4021,127,0,0,0,0
s=3868,281,0,0,0,0
s=3868,281,2205,0,0,0
s=3868,281,0,0,0,0
s=3996,435,0,0,0,0
s=3996,435,2628,0,0,0
s=3996,435,0,0,0,0
s=2895,255,0,0,0,0
s=2895,255,4080,0,0,0
s=2895,255,0,0,0,0
s=4073,281,0,0,0,0
s=4073,281,1317,0,0,0
s=4073,281,0,0,0,0
s=3356,307,0,0,0,0
s=3356,307,1345,0,0,0
s=3356,307,0,0,0,0
s=3689,102,0,0,0,0
s=3689,102,1853,0,0,0
s=3689,102,0,0,0,0
s=3919,819,0,0,0,0
s=3919,819,1500,0,0,0
s=3919,819,0,0,0,0
s=3945,639,0,0,0,0
s=3945,639,1543,0,0,0
s=3945,639,0,0,0,0
s=3407,537,0,0,0,0
s=3407,537,1289,0,0,0
s=3407,537,0,0,0,0
s=4021,281,0,0,0,0
s=4021,281,2050,0,0,0
s=4021,281,0,0,0,0
s=3919,563,0,0,0,0
s=3919,563,2248,0,0,0
s=3919,563,0,0,0,0
s=2921,0,0,0,0,0
s=2921,0,4080,0,0,0
s=2921,0,0,0,0,0
s=3305,972,0,0,0,0
s=3305,972,4080,0,0,0
s=3305,972,0,0,0,0
s=3919,127,0,0,0,0
s=3919,127,1994,0,0,0
s=3919,127,0,0,0,0
s=3817,486,0,0,0,0
s=3817,486,1754,0,0,0
s=3817,486,0,0,0,0
s=4021,870,0,0,0,0
s=4021,870,4052,0,0,0
s=4021,870,0,0,0,0
s=3433,332,0,0,0,0
s=3433,332,1317,0,0,0
s=3433,332,0,0,0,0
s=3791,76,0,0,0,0
s=3791,76,2318,0,0,0
s=3791,76,0,0,0,0
s=3510,76,0,0,0,0
s=3510,76,1909,0,0,0
s=3510,76,0,0,0,0
s=3305,179,0,0,0,0
s=3305,179,1839,0,0,0
s=3305,179,0,0,0,0
s=3638,255,0,0,0,0
s=3638,255,1317,0,0,0
s=3638,255,0,0,0,0
s=3382,102,0,0,0,0
s=3382,102,2008,0,0,0
s=3382,102,0,0,0,0
s=4073,358,0,0,0,0
s=4073,358,2586,0,0,0
s=4073,358,0,0,0,0
s=3791,102,0,0,0,0
s=3791,102,2346,0,0,0
s=3791,102,0,0,0,0
s=3714,153,0,0,0,0
s=3714,153,1712,0,0,0
s=3714,153,0,0,0,0
s=3791,409,0,0,0,0
s=3791,409,1656,0,0,0
s=3791,409,0,0,0,0
s=3484,486,0,0,0,0
s=3484,486,1303,0,0,0
s=3484,486,0,0,0,0
s=4021,435,0,0,0,0
s=4021,435,2628,0,0,0
s=4021,435,0,0,0,0
s=3382,358,0,0,0,0
s=3382,358,1317,0,0,0
s=3382,358,0,0,0,0
s=3510,102,0,0,0,0
s=3510,102,1825,0,0,0
s=3510,102,0,0,0,0
s=4047,793,0,0,0,0
s=4047,793,3446,0,0,0
s=4047,793,0,0,0,0
s=3714,51,0,0,0,0
s=3714,51,2219,0,0,0
s=3714,51,0,0,0,0
s=3765,127,0,0,0,0
s=3765,127,2276,0,0,0
s=3765,127,0,0,0,0
s=3970,665,0,0,0,0
s=3970,665,1388,0,0,0
s=3970,665,0,0,0,0
s=3765,307,0,0,0,0
s=3765,307,2234,0,0,0
s=3765,307,0,0,0,0
s=3765,409,0,0,0,0
s=3765,409,1656,0,0,0
s=3765,409,0,0,0,0
s=3330,307,0,0,0,0
s=3330,307,1233,0,0,0
s=3330,307,0,0,0,0
s=3433,563,0,0,0,0
s=3433,563,1374,0,0,0
s=3433,563,0,0,0,0
s=3765,563,0,0,0,0
s=3765,563,1529,0,0,0
s=3765,563,0,0,0,0
s=3919,307,0,0,0,0
s=3919,307,2332,0,0,0
s=3919,307,0,0,0,0
s=3407,51,0,0,0,0
s=3407,51,1430,0,0,0
s=3407,51,0,0,0,0
s=3330,281,0,0,0,0
s=3330,281,1219,0,0,0
s=3330,281,0,0,0,0
s=3458,127,0,0,0,0
s=3458,127,1726,0,0,0
s=3458,127,0,0,0,0
s=3561,127,0,0,0,0
s=3561,127,1345,0,0,0
s=3561,127,0,0,0,0
s=3893,793,0,0,0,0
s=3893,793,1261,0,0,0
s=3893,793,0,0,0,0
s=3842,614,0,0,0,0
s=3842,614,1585,0,0,0
s=3842,614,0,0,0,0
s=4073,307,0,0,0,0
s=4073,307,1811,0,0,0
s=4073,307,0,0,0,0
s=3663,409,0,0,0,0
s=3663,409,1585,0,0,0
s=3663,409,0,0,0,0
s=3638,358,0,0,0,0
s=3638,358,1472,0,0,0
s=3638,358,0,0,0,0
s=3919,0,0,0,0,0
s=3919,0,2544,0,0,0
s=3919,0,0,0,0,0
s=3535,25,0,0,0,0
s=3535,25,1952,0,0,0
s=3535,25,0,0,0,0
s=3945,563,0,0,0,0
s=3945,563,2360,0,0,0
s=3945,563,0,0,0,0
s=3689,332,0,0,0,0
s=3689,332,1543,0,0,0
s=3689,332,0,0,0,0
s=2972,639,0,0,0,0
s=2972,639,4066,0,0,0
s=2972,639,0,0,0,0
s=3919,76,0,0,0,0
s=3919,76,2262,0,0,0
s=3919,76,0,0,0,0
s=3817,358,0,0,0,0
s=3817,358,2078,0,0,0
s=3817,358,0,0,0,0
s=2946,793,0,0,0,0
s=2946,793,4066,0,0,0
s=2946,793,0,0,0,0
s=4073,563,0,0,0,0
s=4073,563,4080,0,0,0
s=4073,563,0,0,0,0
s=4047,972,0,0,0,0
s=4047,972,4080,0,0,0
s=4047,972,0,0,0,0
s=4021,742,0,0,0,0
s=4021,742,1712,0,0,0
s=4021,742,0,0,0,0
s=3817,332,0,0,0,0
s=3817,332,2332,0,0,0
s=3817,332,0,0,0,0
s=3868,639,0,0,0,0
s=3868,639,1331,0,0,0
s=3868,639,0,0,0,0
s=4047,819,0,0,0,0
s=4047,819,4080,0,0,0
s=4047,819,0,0,0,0
s=3970,332,0,0,0,0
s=3970,332,2614,0,0,0
s=3970,332,0,0,0,0
s=3791,153,0,0,0,0
s=3791,153,2078,0,0,0
s=3791,153,0,0,0,0
s=3765,435,0,0,0,0
s=3765,435,1599,0,0,0
s=3765,435,0,0,0,0
s=3458,486,0,0,0,0
s=3458,486,1247,0,0,0
s=3458,486,0,0,0,0
s=3689,435,0,0,0,0
s=3689,435,1543,0,0,0
s=3689,435,0,0,0,0
s=3663,25,0,0,0,0
s=3663,25,2163,0,0,0
s=3663,25,0,0,0,0
s=3817,51,0,0,0,0
s=3817,51,2375,0,0,0
s=3817,51,0,0,0,0
s=3970,946,0,0,0,0
s=3970,946,2614,0,0,0
s=3970,946,0,0,0,0
s=4021,819,0,0,0,0
s=4021,819,4038,0,0,0
s=4021,819,0,0,0,0
s=4047,691,0,0,0,0
s=4047,691,4080,0,0,0
s=4047,691,0,0,0,0
s=3689,255,0,0,0,0
s=3689,255,1430,0,0,0
s=3689,255,0,0,0,0
s=3279,563,0,0,0,0
s=3279,563,1303,0,0,0
s=3279,563,0,0,0,0
s=3740,1023,0,0,0,0
s=3740,1023,4080,0,0,0
s=3740,1023,0,0,0,0
s=3586,307,0,0,0,0
s=3586,307,1515,0,0,0
s=3586,307,0,0,0,0
s=2921,563,0,0,0,0
s=2921,563,4080,0,0,0
s=2921,563,0,0,0,0
s=4047,614,0,0,0,0
s=4047,614,2276,0,0,0
s=4047,614,0,0,0,0
s=4073,51,0,0,0,0
s=4073,51,2290,0,0,0
s=4073,51,0,0,0,0
s=3330,153,0,0,0,0
s=3330,153,1797,0,0,0
s=3330,153,0,0,0,0
s=3586,614,0,0,0,0
s=3586,614,1233,0,0,0
s=3586,614,0,0,0,0
s=3945,409,0,0,0,0
s=3945,409,2614,0,0,0
s=3945,409,0,0,0,0
s=3254,0,0,0,0,0
s=3254,0,1486,0,0,0
s=3254,0,0,0,0,0
s=3612,255,0,0,0,0
s=3612,255,1289,0,0,0
s=3612,255,0,0,0,0
s=3996,614,0,0,0,0
s=3996,614,1923,0,0,0
s=3996,614,0,0,0,0
s=3663,486,0,0,0,0
s=3663,486,1543,0,0,0
s=3663,486,0,0,0,0
s=3510,486,0,0,0,0
s=3510,486,1303,0,0,0
s=3510,486,0,0,0,0
s=3254,946,0,0,0,0
s=3254,946,3460,0,0,0
s=3254,946,0,0,0,0
s=3638,1074,0,0,0,0
s=3638,1074,4080,0,0,0
s=3638,1074,0,0,0,0
s=2895,460,0,0,0,0
s=2895,460,4080,0,0,0
s=2895,460,0,0,0,0
s=3484,358,0,0,0,0
s=3484,358,1444,0,0,0
s=3484,358,0,0,0,0
s=3970,639,0,0,0,0
s=3970,639,1486,0,0,0
s=3970,639,0,0,0,0
s=3458,383,0,0,0,0
s=3458,383,1359,0,0,0
s=3458,383,0,0,0,0
s=2946,153,0,0,0,0
s=2946,153,1345,0,0,0
s=2946,153,0,0,0,0
s=3254,972,0,0,0,0
s=3254,972,4080,0,0,0
s=3254,972,0,0,0,0
s=3279,972,0,0,0,0
s=3279,972,4066,0,0,0
s=3279,972,0,0,0,0
s=2972,563,0,0,0,0
s=2972,563,3249,0,0,0
s=2972,563,0,0,0,0
s=3919,639,0,0,0,0
s=3919,639,1500,0,0,0
s=3919,639,0,0,0,0
s=4047,383,0,0,0,0
s=4047,383,2657,0,0,0
s=4047,383,0,0,0,0
s=3586,1023,0,0,0,0
s=3586,1023,3220,0,0,0
s=3586,1023,0,0,0,0
s=3535,409,0,0,0,0
s=3535,409,1359,0,0,0
s=3535,409,0,0,0,0
s=3561,435,0,0,0,0
s=3561,435,1430,0,0,0
s=3561,435,0,0,0,0
s=3433,281,0,0,0,0
s=3433,281,1331,0,0,0
s=3433,281,0,0,0,0
s=4073,537,0,0,0,0
s=4073,537,4080,0,0,0
s=4073,537,0,0,0,0
s=3945,307,0,0,0,0
s=3945,307,2431,0,0,0
s=3945,307,0,0,0,0
s=3945,51,0,0,0,0
s=3945,51,2417,0,0,0
s=3945,51,0,0,0,0
s=3714,281,0,0,0,0
s=3714,281,1923,0,0,0
s=3714,281,0,0,0,0
s=3305,563,0,0,0,0
s=3305,563,1289,0,0,0
s=3305,563,0,0,0,0
s=4021,383,0,0,0,0
s=4021,383,2657,0,0,0
s=4021,383,0,0,0,0
s=3356,153,0,0,0,0
s=3356,153,1529,0,0,0
s=3356,153,0,0,0,0
s=3279,588,0,0,0,0
s=3279,588,1233,0,0,0
s=3279,588,0,0,0,0
f=1
e=0