r=1000
e=1
s=2835,76,0,0,0,0
s=2835,76,1641,0,0,0
s=2835,76,0,0,0,0
s=2528,102,0,0,0,0
s=2528,102,1684,0,0,0
s=2528,102,0,0,0,0
s=2912,383,0,0,0,0
s=2912,383,1486,0,0,0
s=2912,383,0,0,0,0
s=3347,255,0,0,0,0
s=3347,255,1543,0,0,0
s=3347,255,0,0,0,0
s=2758,563,0,0,0,0
s=2758,563,1275,0,0,0
s=2758,563,0,0,0,0
s=2170,204,0,0,0,0
s=2170,204,4080,0,0,0
s=2170,204,0,0,0,0
s=3219,127,0,0,0,0
s=3219,127,2050,0,0,0
s=3219,127,0,0,0,0
s=3014,537,0,0,0,0
s=3014,537,1543,0,0,0
s=3014,537,0,0,0,0
s=2733,383,0,0,0,0
s=2733,383,1359,0,0,0
s=2733,383,0,0,0,0
s=2272,716,0,0,0,0
s=2272,716,1303,0,0,0
s=2272,716,0,0,0,0
s=3040,537,0,0,0,0
s=3040,537,1656,0,0,0
s=3040,537,0,0,0,0
s=2810,511,0,0,0,0
s=2810,511,1331,0,0,0
s=2810,511,0,0,0,0
s=3219,383,0,0,0,0
s=3219,383,2572,0,0,0
s=3219,383,0,0,0,0
s=2784,25,0,0,0,0
s=2784,25,1938,0,0,0
s=2784,25,0,0,0,0
s=2630,51,0,0,0,0
s=2630,51,1670,0,0,0
s=2630,51,0,0,0,0
s=3193,665,0,0,0,0
s=3193,665,1430,0,0,0
s=3193,665,0,0,0,0
s=2630,281,0,0,0,0
s=2630,281,1233,0,0,0
s=2630,281,0,0,0,0
s=2886,255,0,0,0,0
s=2886,255,1303,0,0,0
s=2886,255,0,0,0,0
s=3168,460,0,0,0,0
s=3168,460,2248,0,0,0
s=3168,460,0,0,0,0
s=2963,614,0,0,0,0
s=2963,614,1289,0,0,0
s=2963,614,0,0,0,0
s=3091,460,0,0,0,0
s=3091,460,1754,0,0,0
s=3091,460,0,0,0,0
s=3270,665,0,0,0,0
s=3270,665,1416,0,0,0
s=3270,665,0,0,0,0
s=3347,281,0,0,0,0
s=3347,281,1388,0,0,0
s=3347,281,0,0,0,0
s=2963,25,0,0,0,0
s=2963,25,2191,0,0,0
s=2963,25,0,0,0,0
s=2733,435,0,0,0,0
s=2733,435,1303,0,0,0
s=2733,435,0,0,0,0
s=2707,537,0,0,0,0
s=2707,537,1331,0,0,0
s=2707,537,0,0,0,0
s=3040,51,0,0,0,0
s=3040,51,2234,0,0,0
s=3040,51,0,0,0,0
s=2861,588,0,0,0,0
s=2861,588,1331,0,0,0
s=2861,588,0,0,0,0
s=3091,486,0,0,0,0
s=3091,486,1768,0,0,0
s=3091,486,0,0,0,0
s=3321,281,0,0,0,0
s=3321,281,1825,0,0,0
s=3321,281,0,0,0,0
s=3142,511,0,0,0,0
s=3142,511,2177,0,0,0
s=3142,511,0,0,0,0
s=2938,563,0,0,0,0
s=2938,563,1289,0,0,0
s=2938,563,0,0,0,0
s=3245,563,0,0,0,0
s=3245,563,2487,0,0,0
s=3245,563,0,0,0,0
s=3398,255,0,0,0,0
s=3398,255,1345,0,0,0
s=3398,255,0,0,0,0
s=3219,486,0,0,0,0
s=3219,486,2516,0,0,0
s=3219,486,0,0,0,0
s=3091,127,0,0,0,0
s=3091,127,2248,0,0,0
s=3091,127,0,0,0,0
s=2835,0,0,0,0,0
s=2835,0,1980,0,0,0
s=2835,0,0,0,0,0
s=2707,307,0,0,0,0
s=2707,307,1402,0,0,0
s=2707,307,0,0,0,0
s=2605,51,0,0,0,0
s=2605,51,1670,0,0,0
s=2605,51,0,0,0,0
s=3091,281,0,0,0,0
s=3091,281,2135,0,0,0
s=3091,281,0,0,0,0
s=3373,460,0,0,0,0
s=3373,460,4052,0,0,0
s=3373,460,0,0,0,0
s=3040,1023,0,0,0,0
s=3040,1023,4080,0,0,0
s=3040,1023,0,0,0,0
s=3270,0,0,0,0,0
s=3270,0,2050,0,0,0
s=3270,0,0,0,0,0
s=2221,153,0,0,0,0
s=2221,153,2149,0,0,0
s=2221,153,0,0,0,0
s=2963,537,0,0,0,0
s=2963,537,1444,0,0,0
s=2963,537,0,0,0,0
s=3245,460,0,0,0,0
s=3245,460,2600,0,0,0
s=3245,460,0,0,0,0
s=3270,921,0,0,0,0
s=3270,921,4080,0,0,0
s=3270,921,0,0,0,0
s=3347,332,0,0,0,0
s=3347,332,2248,0,0,0
s=3347,332,0,0,0,0
s=2912,1023,0,0,0,0
s=2912,1023,3220,0,0,0
s=2912,1023,0,0,0,0
s=3142,332,0,0,0,0
s=3142,332,2346,0,0,0
s=3142,332,0,0,0,0
s=2656,332,0,0,0,0
s=2656,332,1359,0,0,0
s=2656,332,0,0,0,0
s=2400,921,0,0,0,0
s=2400,921,4080,0,0,0
s=2400,921,0,0,0,0
s=2912,435,0,0,0,0
s=2912,435,1444,0,0,0
s=2912,435,0,0,0,0
s=3193,972,0,0,0,0
s=3193,972,4080,0,0,0
s=3193,972,0,0,0,0
s=2195,358,0,0,0,0
s=2195,358,1994,0,0,0
s=2195,358,0,0,0,0
s=3347,25,0,0,0,0
s=3347,25,2022,0,0,0
s=3347,25,0,0,0,0
s=3065,383,0,0,0,0
s=3065,383,1698,0,0,0
s=3065,383,0,0,0,0
s=3014,1023,0,0,0,0
s=3014,1023,4080,0,0,0
s=3014,1023,0,0,0,0
s=3296,742,0,0,0,0
s=3296,742,3009,0,0,0
s=3296,742,0,0,0,0
s=2707,1023,0,0,0,0
s=2707,1023,4080,0,0,0
s=2707,1023,0,0,0,0
s=3065,537,0,0,0,0
s=3065,537,1740,0,0,0
s=3065,537,0,0,0,0
s=3373,486,0,0,0,0
s=3373,486,4080,0,0,0
s=3373,486,0,0,0,0
s=3219,639,0,0,0,0
s=3219,639,1571,0,0,0
s=3219,639,0,0,0,0
s=3245,716,0,0,0,0
s=3245,716,1698,0,0,0
s=3245,716,0,0,0,0
s=3091,51,0,0,0,0
s=3091,51,2346,0,0,0
s=3091,51,0,0,0,0
s=3142,486,0,0,0,0
s=3142,486,2149,0,0,0
s=3142,486,0,0,0,0
s=3014,127,0,0,0,0
s=3014,127,2234,0,0,0
s=3014,127,0,0,0,0
s=3117,435,0,0,0,0
s=3117,435,1797,0,0,0
s=3117,435,0,0,0,0
s=2938,614,0,0,0,0
s=2938,614,1345,0,0,0
s=2938,614,0,0,0,0
s=2682,51,0,0,0,0
s=2682,51,1388,0,0,0
s=2682,51,0,0,0,0
s=3296,767,0,0,0,0
s=3296,767,1740,0,0,0
s=3296,767,0,0,0,0
s=3117,281,0,0,0,0
s=3117,281,2163,0,0,0
s=3117,281,0,0,0,0
s=3168,742,0,0,0,0
s=3168,742,1430,0,0,0
s=3168,742,0,0,0,0
s=3168,51,0,0,0,0
s=3168,51,2431,0,0,0
s=3168,51,0,0,0,0
s=3347,0,0,0,0,0
s=3347,0,1768,0,0,0
s=3347,0,0,0,0,0
s=3193,895,0,0,0,0
s=3193,895,1345,0,0,0
s=3193,895,0,0,0,0
s=3168,383,0,0,0,0
s=3168,383,2445,0,0,0
s=3168,383,0,0,0,0
s=3245,76,0,0,0,0
s=3245,76,2332,0,0,0
s=3245,76,0,0,0,0
s=3321,409,0,0,0,0
s=3321,409,2628,0,0,0
s=3321,409,0,0,0,0
s=2656,127,0,0,0,0
s=2656,127,1416,0,0,0
s=2656,127,0,0,0,0
s=3219,511,0,0,0,0
s=3219,511,2516,0,0,0
s=3219,511,0,0,0,0
s=3424,0,0,0,0,0
s=3424,0,2078,0,0,0
s=3424,0,0,0,0,0
s=3065,358,0,0,0,0
s=3065,358,2008,0,0,0
s=3065,358,0,0,0,0
s=3065,614,0,0,0,0
s=3065,614,1627,0,0,0
s=3065,614,0,0,0,0
s=2963,255,0,0,0,0
s=2963,255,1500,0,0,0
s=2963,255,0,0,0,0
s=3296,281,0,0,0,0
s=3296,281,2036,0,0,0
s=3296,281,0,0,0,0
s=2938,1074,0,0,0,0
s=2938,1074,4080,0,0,0
s=2938,1074,0,0,0,0
s=2810,332,0,0,0,0
s=2810,332,1585,0,0,0
s=2810,332,0,0,0,0
s=3219,921,0,0,0,0
s=3219,921,2135,0,0,0
s=3219,921,0,0,0,0
s=3193,25,0,0,0,0
s=3193,25,2445,0,0,0
s=3193,25,0,0,0,0
s=2963,409,0,0,0,0
s=2963,409,1543,0,0,0
s=2963,409,0,0,0,0
s=3373,639,0,0,0,0
s=3373,639,4080,0,0,0
s=3373,639,0,0,0,0
s=2810,307,0,0,0,0
s=2810,307,1557,0,0,0
s=2810,307,0,0,0,0
s=3219,691,0,0,0,0
s=3219,691,1515,0,0,0
s=3219,691,0,0,0,0
s=3296,25,0,0,0,0
s=3296,25,2093,0,0,0
s=3296,25,0,0,0,0
s=3270,716,0,0,0,0
s=3270,716,1345,0,0,0
s=3270,716,0,0,0,0
s=3193,460,0,0,0,0
s=3193,460,2473,0,0,0
s=3193,460,0,0,0,0
s=2963,486,0,0,0,0
s=2963,486,1543,0,0,0
s=2963,486,0,0,0,0
s=2963,102,0,0,0,0
s=2963,102,1895,0,0,0
s=2963,102,0,0,0,0
s=3142,307,0,0,0,0
s=3142,307,2304,0,0,0
s=3142,307,0,0,0,0
s=3168,0,0,0,0,0
s=3168,0,2572,0,0,0
s=3168,0,0,0,0,0
s=2938,460,0,0,0,0
s=2938,460,1515,0,0,0
s=2938,460,0,0,0,0
s=2989,435,0,0,0,0
s=2989,435,1656,0,0,0
s=2989,435,0,0,0,0
s=2579,563,0,0,0,0
s=2579,563,1289,0,0,0
s=2579,563,0,0,0,0
s=2912,409,0,0,0,0
s=2912,409,1515,0,0,0
s=2912,409,0,0,0,0
s=2349,844,0,0,0,0
s=2349,844,1345,0,0,0
s=2349,844,0,0,0,0
s=2861,102,0,0,0,0
s=2861,102,1317,0,0,0
s=2861,102,0,0,0,0
s=3168,639,0,0,0,0
s=3168,639,1515,0,0,0
s=3168,639,0,0,0,0
s=2989,563,0,0,0,0
s=2989,563,1486,0,0,0
s=2989,563,0,0,0,0
s=3040,563,0,0,0,0
s=3040,563,1543,0,0,0
s=3040,563,0,0,0,0
s=3040,332,0,0,0,0
s=3040,332,2191,0,0,0
s=3040,332,0,0,0,0
s=2758,76,0,0,0,0
s=2758,76,1797,0,0,0
s=2758,76,0,0,0,0
s=3296,435,0,0,0,0
s=3296,435,2628,0,0,0
s=3296,435,0,0,0,0
s=3065,460,0,0,0,0
s=3065,460,1641,0,0,0
s=3065,460,0,0,0,0
s=3296,614,0,0,0,0
s=3296,614,2022,0,0,0
s=3296,614,0,0,0,0
s=3065,409,0,0,0,0
s=3065,409,1670,0,0,0
s=3065,409,0,0,0,0
s=3091,998,0,0,0,0
s=3091,998,3474,0,0,0
s=3091,998,0,0,0,0
s=3142,0,0,0,0,0
s=3142,0,2530,0,0,0
s=3142,0,0,0,0,0
s=2579,51,0,0,0,0
s=2579,51,1923,0,0,0
s=2579,51,0,0,0,0
s=3449,102,0,0,0,0
s=3449,102,4080,0,0,0
s=3449,102,0,0,0,0
s=3296,383,0,0,0,0
s=3296,383,2657,0,0,0
s=3296,383,0,0,0,0
s=3424,25,0,0,0,0
s=3424,25,2093,0,0,0
s=3424,25,0,0,0,0
s=3347,51,0,0,0,0
s=3347,51,2262,0,0,0
s=3347,51,0,0,0,0
s=2733,127,0,0,0,0
s=2733,127,1782,0,0,0
s=2733,127,0,0,0,0
s=3296,0,0,0,0,0
s=3296,0,2008,0,0,0
s=3296,0,0,0,0,0
s=2707,383,0,0,0,0
s=2707,383,1303,0,0,0
s=2707,383,0,0,0,0
s=3142,51,0,0,0,0
s=3142,51,2445,0,0,0
s=3142,51,0,0,0,0
s=3014,409,0,0,0,0
s=3014,409,1557,0,0,0
s=3014,409,0,0,0,0
s=2144,281,0,0,0,0
s=2144,281,4080,0,0,0
s=2144,281,0,0,0,0
s=2605,332,0,0,0,0
s=2605,332,1289,0,0,0
s=2605,332,0,0,0,0
s=2861,383,0,0,0,0
s=2861,383,1515,0,0,0
s=2861,383,0,0,0,0
s=3142,460,0,0,0,0
s=3142,460,2064,0,0,0
s=3142,460,0,0,0,0
s=2656,179,0,0,0,0
s=2656,179,2036,0,0,0
s=2656,179,0,0,0,0
s=3091,511,0,0,0,0
s=3091,511,1825,0,0,0
s=3091,511,0,0,0,0
s=2630,614,0,0,0,0
s=2630,614,1233,0,0,0
s=2630,614,0,0,0,0
s=2784,486,0,0,0,0
s=2784,486,1303,0,0,0
s=2784,486,0,0,0,0
s=2554,563,0,0,0,0
s=2554,563,1247,0,0,0
s=2554,563,0,0,0,0
s=3040,25,0,0,0,0
s=3040,25,2205,0,0,0
s=3040,25,0,0,0,0
s=3347,460,0,0,0,0
s=3347,460,3404,0,0,0
s=3347,460,0,0,0,0
s=3270,358,0,0,0,0
s=3270,358,2628,0,0,0
s=3270,358,0,0,0,0
s=2733,76,0,0,0,0
s=2733,76,1782,0,0,0
s=2733,76,0,0,0,0
s=2682,588,0,0,0,0
s=2682,588,1317,0,0,0
s=2682,588,0,0,0,0
s=2733,102,0,0,0,0
s=2733,102,1754,0,0,0
s=2733,102,0,0,0,0
s=2963,281,0,0,0,0
s=2963,281,1613,0,0,0
s=2963,281,0,0,0,0
s=3321,486,0,0,0,0
s=3321,486,2642,0,0,0
s=3321,486,0,0,0,0
s=3065,435,0,0,0,0
s=3065,435,1656,0,0,0
s=3065,435,0,0,0,0
s=3219,793,0,0,0,0
s=3219,793,1585,0,0,0
s=3219,793,0,0,0,0
s=2707,358,0,0,0,0
s=2707,358,1275,0,0,0
s=2707,358,0,0,0,0
s=2989,1023,0,0,0,0
s=2989,1023,1261,0,0,0
s=2989,1023,0,0,0,0
s=2758,537,0,0,0,0
s=2758,537,1331,0,0,0
s=2758,537,0,0,0,0
s=2195,51,0,0,0,0
s=2195,51,4080,0,0,0
s=2195,51,0,0,0,0
s=3219,946,0,0,0,0
s=3219,946,4080,0,0,0
s=3219,946,0,0,0,0
s=2682,358,0,0,0,0
s=2682,358,1289,0,0,0
s=2682,358,0,0,0,0
s=2758,460,0,0,0,0
s=2758,460,1261,0,0,0
s=2758,460,0,0,0,0
s=3014,0,0,0,0,0
s=3014,0,2234,0,0,0
s=3014,0,0,0,0,0
s=2656,563,0,0,0,0
s=2656,563,1402,0,0,0
s=2656,563,0,0,0,0
s=2656,25,0,0,0,0
s=2656,25,1515,0,0,0
s=2656,25,0,0,0,0
s=3270,409,0,0,0,0
s=3270,409,2642,0,0,0
s=3270,409,0,0,0,0
s=3065,639,0,0,0,0
s=3065,639,1331,0,0,0
s=3065,639,0,0,0,0
s=2605,614,0,0,0,0
s=2605,614,1247,0,0,0
s=2605,614,0,0,0,0
s=3321,716,0,0,0,0
s=3321,716,4080,0,0,0
s=3321,716,0,0,0,0
s=3117,972,0,0,0,0
s=3117,972,3376,0,0,0
s=3117,972,0,0,0,0
s=3142,358,0,0,0,0
s=3142,358,2346,0,0,0
s=3142,358,0,0,0,0
s=2144,332,0,0,0,0
s=2144,332,4080,0,0,0
s=2144,332,0,0,0,0
s=3014,255,0,0,0,0
s=3014,255,2008,0,0,0
s=3014,255,0,0,0,0
s=3321,511,0,0,0,0
s=3321,511,2572,0,0,0
s=3321,511,0,0,0,0
s=2144,307,0,0,0,0
s=2144,307,4080,0,0,0
s=2144,307,0,0,0,0
s=3270,742,0,0,0,0
s=3270,742,1529,0,0,0
s=3270,742,0,0,0,0
s=3270,588,0,0,0,0
s=3270,588,2346,0,0,0
s=3270,588,0,0,0,0
s=3040,255,0,0,0,0
s=3040,255,1966,0,0,0
s=3040,255,0,0,0,0
s=2912,511,0,0,0,0
s=2912,511,1444,0,0,0
s=2912,511,0,0,0,0
s=3347,511,0,0,0,0
s=3347,511,3714,0,0,0
s=3347,511,0,0,0,0
s=3424,332,0,0,0,0
s=3424,332,2121,0,0,0
s=3424,332,0,0,0,0
s=3245,946,0,0,0,0
s=3245,946,4080,0,0,0
s=3245,946,0,0,0,0
s=3014,1074,0,0,0,0
s=3014,1074,4080,0,0,0
s=3014,1074,0,0,0,0
s=3270,793,0,0,0,0
s=3270,793,1684,0,0,0
s=3270,793,0,0,0,0
s=2221,870,0,0,0,0
s=2221,870,4080,0,0,0
s=2221,870,0,0,0,0
s=3424,255,0,0,0,0
s=3424,255,3037,0,0,0
s=3424,255,0,0,0,0
s=2579,153,0,0,0,0
s=2579,153,1670,0,0,0
s=2579,153,0,0,0,0
s=2989,409,0,0,0,0
s=2989,409,1585,0,0,0
s=2989,409,0,0,0,0
s=3168,102,0,0,0,0
s=3168,102,2107,0,0,0
s=3168,102,0,0,0,0
s=3014,102,0,0,0,0
s=3014,102,2262,0,0,0
s=3014,102,0,0,0,0
s=3142,383,0,0,0,0
s=3142,383,2121,0,0,0
s=3142,383,0,0,0,0
s=3040,102,0,0,0,0
s=3040,102,2290,0,0,0
s=3040,102,0,0,0,0
s=2554,25,0,0,0,0
s=2554,25,1782,0,0,0
s=2554,25,0,0,0,0
s=2886,409,0,0,0,0
s=2886,409,1444,0,0,0
s=2886,409,0,0,0,0
s=2912,486,0,0,0,0
s=2912,486,1529,0,0,0
s=2912,486,0,0,0,0
s=3245,332,0,0,0,0
s=3245,332,2628,0,0,0
s=3245,332,0,0,0,0
s=3245,153,0,0,0,0
s=3245,153,2064,0,0,0
s=3245,153,0,0,0,0
s=2810,358,0,0,0,0
s=2810,358,1529,0,0,0
s=2810,358,0,0,0,0
s=2784,281,0,0,0,0
s=2784,281,1444,0,0,0
s=2784,281,0,0,0,0
s=2835,563,0,0,0,0
s=2835,563,1345,0,0,0
s=2835,563,0,0,0,0
s=2835,639,0,0,0,0
s=2835,639,1233,0,0,0
s=2835,639,0,0,0,0
s=2246,844,0,0,0,0
s=2246,844,4080,0,0,0
s=2246,844,0,0,0,0
s=3347,435,0,0,0,0
s=3347,435,2826,0,0,0
s=3347,435,0,0,0,0
s=2630,358,0,0,0,0
s=2630,358,1289,0,0,0
s=2630,358,0,0,0,0
s=2605,588,0,0,0,0
s=2605,588,1275,0,0,0
s=2605,588,0,0,0,0
s=2682,332,0,0,0,0
s=2682,332,1275,0,0,0
s=2682,332,0,0,0,0
s=2938,0,0,0,0,0
s=2938,0,2163,0,0,0
s=2938,0,0,0,0,0
s=3321,460,0,0,0,0
s=3321,460,2614,0,0,0
s=3321,460,0,0,0,0
s=3373,537,0,0,0,0
s=3373,537,4080,0,0,0
s=3373,537,0,0,0,0
s=2554,588,0,0,0,0
s=2554,588,1261,0,0,0
s=2554,588,0,0,0,0
s=2733,588,0,0,0,0
s=2733,588,1303,0,0,0
s=2733,588,0,0,0,0
s=2861,281,0,0,0,0
s=2861,281,1515,0,0,0
s=2861,281,0,0,0,0
s=3296,537,0,0,0,0
s=3296,537,2473,0,0,0
s=3296,537,0,0,0,0
s=2630,1049,0,0,0,0
s=2630,1049,4080,0,0,0
s=2630,1049,0,0,0,0
s=3142,76,0,0,0,0
s=3142,76,2304,0,0,0
s=3142,76,0,0,0,0
s=2605,563,0,0,0,0
s=2605,563,1317,0,0,0
s=2605,563,0,0,0,0
s=2758,383,0,0,0,0
s=2758,383,1388,0,0,0
s=2758,383,0,0,0,0
s=3219,895,0,0,0,0
s=3219,895,1247,0,0,0
s=3219,895,0,0,0,0
s=2682,537,0,0,0,0
s=2682,537,1289,0,0,0
s=2682,537,0,0,0,0
s=2221,102,0,0,0,0
s=2221,102,2093,0,0,0
s=2221,102,0,0,0,0
s=2989,76,0,0,0,0
s=2989,76,2177,0,0,0
s=2989,76,0,0,0,0
s=2656,102,0,0,0,0
s=2656,102,1782,0,0,0
s=2656,102,0,0,0,0
s=2861,307,0,0,0,0
s=2861,307,1571,0,0,0
s=2861,307,0,0,0,0
s=3245,614,0,0,0,0
s=3245,614,2064,0,0,0
s=3245,614,0,0,0,0
s=3245,281,0,0,0,0
s=3245,281,1966,0,0,0
s=3245,281,0,0,0,0
s=3398,153,0,0,0,0
s=3398,153,4080,0,0,0
s=3398,153,0,0,0,0
s=2195,409,0,0,0,0
s=2195,409,1754,0,0,0
s=2195,409,0,0,0,0
s=3117,563,0,0,0,0
s=3117,563,1952,0,0,0
s=3117,563,0,0,0,0
s=2221,0,0,0,0,0
s=2221,0,1529,0,0,0
s=2221,0,0,0,0,0
s=3347,358,0,0,0,0
s=3347,358,2600,0,0,0
s=3347,358,0,0,0,0
s=2195,102,0,0,0,0
s=2195,102,4080,0,0,0
s=2195,102,0,0,0,0
s=2758,486,0,0,0,0
s=2758,486,1275,0,0,0
s=2758,486,0,0,0,0
s=3296,76,0,0,0,0
s=3296,76,2135,0,0,0
s=3296,76,0,0,0,0
s=2630,76,0,0,0,0
s=2630,76,1768,0,0,0
s=2630,76,0,0,0,0
s=2221,614,0,0,0,0
s=2221,614,4066,0,0,0
s=2221,614,0,0,0,0
s=2733,332,0,0,0,0
s=2733,332,1430,0,0,0
s=2733,332,0,0,0,0
s=3040,127,0,0,0,0
s=3040,127,2234,0,0,0
s=3040,127,0,0,0,0
s=2298,870,0,0,0,0
s=2298,870,4080,0,0,0
s=2298,870,0,0,0,0
s=3321,563,0,0,0,0
s=3321,563,2234,0,0,0
s=3321,563,0,0,0,0
s=2810,409,0,0,0,0
s=2810,409,1345,0,0,0
s=2810,409,0,0,0,0
s=3117,409,0,0,0,0
s=3117,409,1797,0,0,0
s=3117,409,0,0,0,0
s=3091,614,0,0,0,0
s=3091,614,1641,0,0,0
s=3091,614,0,0,0,0
s=3373,742,0,0,0,0
s=3373,742,4080,0,0,0
s=3373,742,0,0,0,0
s=3091,307,0,0,0,0
s=3091,307,2262,0,0,0
s=3091,307,0,0,0,0
s=3065,153,0,0,0,0
s=3065,153,2022,0,0,0
s=3065,153,0,0,0,0
s=3245,102,0,0,0,0
s=3245,102,2135,0,0,0
s=3245,102,0,0,0,0
s=3398,127,0,0,0,0
s=3398,127,3587,0,0,0
s=3398,127,0,0,0,0
s=3219,844,0,0,0,0
s=3219,844,1289,0,0,0
s=3219,844,0,0,0,0
s=3321,588,0,0,0,0
s=3321,588,2191,0,0,0
s=3321,588,0,0,0,0
s=2605,998,0,0,0,0
s=2605,998,4080,0,0,0
s=2605,998,0,0,0,0
s=3065,307,0,0,0,0
s=3065,307,2205,0,0,0
s=3065,307,0,0,0,0
s=2605,102,0,0,0,0
s=2605,102,2135,0,0,0
s=2605,102,0,0,0,0
s=3321,435,0,0,0,0
s=3321,435,2600,0,0,0
s=3321,435,0,0,0,0
s=3219,588,0,0,0,0
s=3219,588,2191,0,0,0
s=3219,588,0,0,0,0
s=2861,76,0,0,0,0
s=2861,76,1599,0,0,0
s=2861,76,0,0,0,0
s=2912,588,0,0,0,0
s=2912,588,1359,0,0,0
s=2912,588,0,0,0,0
s=2989,51,0,0,0,0
s=2989,51,2219,0,0,0
s=2989,51,0,0,0,0
s=2477,972,0,0,0,0
s=2477,972,4080,0,0,0
s=2477,972,0,0,0,0
s=3065,281,0,0,0,0
s=3065,281,2107,0,0,0
s=3065,281,0,0,0,0
s=3168,767,0,0,0,0
s=3168,767,1303,0,0,0
s=3168,767,0,0,0,0
s=2758,102,0,0,0,0
s=2758,102,1782,0,0,0
s=2758,102,0,0,0,0
s=2861,460,0,0,0,0
s=2861,460,1359,0,0,0
s=2861,460,0,0,0,0
s=2861,25,0,0,0,0
s=2861,25,1966,0,0,0
s=2861,25,0,0,0,0
s=2912,0,0,0,0,0
s=2912,0,2107,0,0,0
s=2912,0,0,0,0,0
s=3117,127,0,0,0,0
s=3117,127,2262,0,0,0
s=3117,127,0,0,0,0
s=2170,179,0,0,0,0
s=2170,179,4080,0,0,0
s=2170,179,0,0,0,0
s=2195,563,0,0,0,0
s=2195,563,4080,0,0,0
s=2195,563,0,0,0,0
s=2682,614,0,0,0,0
s=2682,614,1331,0,0,0
s=2682,614,0,0,0,0
s=3117,358,0,0,0,0
s=3117,358,2191,0,0,0
s=3117,358,0,0,0,0
s=3424,127,0,0,0,0
s=3424,127,4080,0,0,0
s=3424,127,0,0,0,0
s=3270,486,0,0,0,0
s=3270,486,2642,0,0,0
s=3270,486,0,0,0,0
s=2579,972,0,0,0,0
s=2579,972,3305,0,0,0
s=2579,972,0,0,0,0
s=3040,153,0,0,0,0
s=3040,153,1980,0,0,0
s=3040,153,0,0,0,0
s=3142,255,0,0,0,0
s=3142,255,1952,0,0,0
s=3142,255,0,0,0,0
s=2989,383,0,0,0,0
s=2989,383,1543,0,0,0
s=2989,383,0,0,0,0
s=2835,614,0,0,0,0
s=2835,614,1317,0,0,0
s=2835,614,0,0,0,0
s=2810,639,0,0,0,0
s=2810,639,1359,0,0,0
s=2810,639,0,0,0,0
s=2861,511,0,0,0,0
s=2861,511,1430,0,0,0
s=2861,511,0,0,0,0
s=2298,844,0,0,0,0
s=2298,844,4066,0,0,0
s=2298,844,0,0,0,0
s=2912,563,0,0,0,0
s=2912,563,1317,0,0,0
s=2912,563,0,0,0,0
s=2554,51,0,0,0,0
s=2554,51,1726,0,0,0
s=2554,51,0,0,0,0
s=2707,281,0,0,0,0
s=2707,281,1317,0,0,0
s=2707,281,0,0,0,0
s=2246,870,0,0,0,0
s=2246,870,4080,0,0,0
s=2246,870,0,0,0,0
s=2835,435,0,0,0,0
s=2835,435,1430,0,0,0
s=2835,435,0,0,0,0
s=2938,435,0,0,0,0
s=2938,435,1500,0,0,0
s=2938,435,0,0,0,0
s=2707,127,0,0,0,0
s=2707,127,1656,0,0,0
s=2707,127,0,0,0,0
s=2195,127,0,0,0,0
s=2195,127,4080,0,0,0
s=2195,127,0,0,0,0
s=3373,307,0,0,0,0
s=3373,307,1782,0,0,0
s=3373,307,0,0,0,0
s=2170,332,0,0,0,0
s=2170,332,4066,0,0,0
s=2170,332,0,0,0,0
s=2707,614,0,0,0,0
s=2707,614,1331,0,0,0
s=2707,614,0,0,0,0
s=2605,127,0,0,0,0
s=2605,127,1994,0,0,0
s=2605,127,0,0,0,0
s=2195,486,0,0,0,0
s=2195,486,4052,0,0,0
s=2195,486,0,0,0,0
s=2938,76,0,0,0,0
s=2938,76,1825,0,0,0
s=2938,76,0,0,0,0
s=3117,332,0,0,0,0
s=3117,332,2304,0,0,0
s=3117,332,0,0,0,0
s=3296,255,0,0,0,0
s=3296,255,2064,0,0,0
s=3296,255,0,0,0,0
s=2682,0,0,0,0,0
s=2682,0,1233,0,0,0
s=2682,0,0,0,0,0
s=3117,486,0,0,0,0
s=3117,486,1938,0,0,0
s=3117,486,0,0,0,0
s=2733,153,0,0,0,0
s=2733,153,1557,0,0,0
s=2733,153,0,0,0,0
s=2656,998,0,0,0,0
s=2656,998,1726,0,0,0
s=2656,998,0,0,0,0
s=3245,665,0,0,0,0
s=3245,665,1345,0,0,0
s=3245,665,0,0,0,0
s=3168,819,0,0,0,0
s=3168,819,1289,0,0,0
s=3168,819,0,0,0,0
s=2912,51,0,0,0,0
s=2912,51,2022,0,0,0
s=2912,51,0,0,0,0
s=3040,281,0,0,0,0
s=3040,281,2149,0,0,0
s=3040,281,0,0,0,0
s=3040,614,0,0,0,0
s=3040,614,1557,0,0,0
s=3040,614,0,0,0,0
s=3245,870,0,0,0,0
s=3245,870,1374,0,0,0
s=3245,870,0,0,0,0
s=3193,537,0,0,0,0
s=3193,537,2360,0,0,0
s=3193,537,0,0,0,0
s=2195,435,0,0,0,0
s=2195,435,1754,0,0,0
s=2195,435,0,0,0,0
s=2656,51,0,0,0,0
s=2656,51,1515,0,0,0
s=2656,51,0,0,0,0
s=2784,639,0,0,0,0
s=2784,639,1275,0,0,0
s=2784,639,0,0,0,0
s=3117,153,0,0,0,0
s=3117,153,2093,0,0,0
s=3117,153,0,0,0,0
s=3014,25,0,0,0,0
s=3014,25,2248,0,0,0
s=3014,25,0,0,0,0
s=2810,51,0,0,0,0
s=2810,51,1881,0,0,0
s=2810,51,0,0,0,0
s=3040,409,0,0,0,0
s=3040,409,1613,0,0,0
s=3040,409,0,0,0,0
s=2938,511,0,0,0,0
s=2938,511,1444,0,0,0
s=2938,511,0,0,0,0
s=3168,332,0,0,0,0
s=3168,332,2431,0,0,0
s=3168,332,0,0,0,0
s=2170,307,0,0,0,0
s=2170,307,4080,0,0,0
s=2170,307,0,0,0,0
s=3321,358,0,0,0,0
s=3321,358,2600,0,0,0
s=3321,358,0,0,0,0
s=2605,204,0,0,0,0
s=2605,204,1825,0,0,0
s=2605,204,0,0,0,0
s=3219,307,0,0,0,0
s=3219,307,2375,0,0,0
s=3219,307,0,0,0,0
s=3219,51,0,0,0,0
s=3219,51,2417,0,0,0
s=3219,51,0,0,0,0
s=2656,511,0,0,0,0
s=2656,511,1233,0,0,0
s=2656,511,0,0,0,0
s=2707,255,0,0,0,0
s=2707,255,1275,0,0,0
s=2707,255,0,0,0,0
s=3014,486,0,0,0,0
s=3014,486,1529,0,0,0
s=3014,486,0,0,0,0
s=2656,588,0,0,0,0
s=2656,588,1374,0,0,0
s=2656,588,0,0,0,0
s=2221,51,0,0,0,0
s=2221,51,1712,0,0,0
s=2221,51,0,0,0,0
s=3424,281,0,0,0,0
s=3424,281,2022,0,0,0
s=3424,281,0,0,0,0
s=3424,76,0,0,0,0
s=3424,76,2360,0,0,0
s=3424,76,0,0,0,0
s=2938,1049,0,0,0,0
s=2938,1049,4080,0,0,0
s=2938,1049,0,0,0,0
s=3398,358,0,0,0,0
s=3398,358,4080,0,0,0
s=3398,358,0,0,0,0
s=2938,358,0,0,0,0
s=2938,358,1557,0,0,0
s=2938,358,0,0,0,0
s=2810,383,0,0,0,0
s=2810,383,1402,0,0,0
s=2810,383,0,0,0,0
s=3321,819,0,0,0,0
s=3321,819,3996,0,0,0
s=3321,819,0,0,0,0
s=2630,179,0,0,0,0
s=2630,179,2078,0,0,0
s=2630,179,0,0,0,0
s=3219,767,0,0,0,0
s=3219,767,1740,0,0,0
s=3219,767,0,0,0,0
s=3296,486,0,0,0,0
s=3296,486,2642,0,0,0
s=3296,486,0,0,0,0
s=3219,255,0,0,0,0
s=3219,255,1923,0,0,0
s=3219,255,0,0,0,0
s=3245,921,0,0,0,0
s=3245,921,4066,0,0,0
s=3245,921,0,0,0,0
s=2733,511,0,0,0,0
s=2733,511,1331,0,0,0
s=2733,511,0,0,0,0
s=3398,307,0,0,0,0
s=3398,307,2332,0,0,0
s=3398,307,0,0,0,0
s=2886,358,0,0,0,0
s=2886,358,1500,0,0,0
s=2886,358,0,0,0,0
s=2144,204,0,0,0,0
s=2144,204,4080,0,0,0
s=2144,204,0,0,0,0
s=2835,332,0,0,0,0
s=2835,332,1571,0,0,0
s=2835,332,0,0,0,0
s=3373,844,0,0,0,0
s=3373,844,4080,0,0,0
s=3373,844,0,0,0,0
s=3040,358,0,0,0,0
s=3040,358,1839,0,0,0
s=3040,358,0,0,0,0
s=3296,588,0,0,0,0
s=3296,588,2234,0,0,0
s=3296,588,0,0,0,0
s=2656,614,0,0,0,0
s=2656,614,1247,0,0,0
s=2656,614,0,0,0,0
s=2554,76,0,0,0,0
s=2554,76,1670,0,0,0
s=2554,76,0,0,0,0
s=2758,307,0,0,0,0
s=2758,307,1529,0,0,0
s=2758,307,0,0,0,0
s=2195,332,0,0,0,0
s=2195,332,2022,0,0,0
s=2195,332,0,0,0,0
s=2733,639,0,0,0,0
s=2733,639,1374,0,0,0
s=2733,639,0,0,0,0
s=3373,76,0,0,0,0
s=3373,76,2149,0,0,0
s=3373,76,0,0,0,0
s=2119,435,0,0,0,0
s=2119,435,4080,0,0,0
s=2119,435,0,0,0,0
s=2682,153,0,0,0,0
s=2682,153,2050,0,0,0
s=2682,153,0,0,0,0
s=2963,435,0,0,0,0
s=2963,435,1529,0,0,0
s=2963,435,0,0,0,0
s=2707,665,0,0,0,0
s=2707,665,1317,0,0,0
s=2707,665,0,0,0,0
s=2784,563,0,0,0,0
s=2784,563,1289,0,0,0
s=2784,563,0,0,0,0
s=2784,153,0,0,0,0
s=2784,153,1430,0,0,0
s=2784,153,0,0,0,0
s=2630,537,0,0,0,0
s=2630,537,1261,0,0,0
s=2630,537,0,0,0,0
s=3091,435,0,0,0,0
s=3091,435,1684,0,0,0
s=3091,435,0,0,0,0
s=3347,383,0,0,0,0
s=3347,383,2657,0,0,0
s=3347,383,0,0,0,0
s=2912,460,0,0,0,0
s=2912,460,1529,0,0,0
s=2912,460,0,0,0,0
s=2835,486,0,0,0,0
s=2835,486,1374,0,0,0
s=2835,486,0,0,0,0
s=2758,511,0,0,0,0
s=2758,511,1345,0,0,0
s=2758,511,0,0,0,0
s=2579,204,0,0,0,0
s=2579,204,1641,0,0,0
s=2579,204,0,0,0,0
s=3347,588,0,0,0,0
s=3347,588,2628,0,0,0
s=3347,588,0,0,0,0
s=2938,588,0,0,0,0
s=2938,588,1345,0,0,0
s=2938,588,0,0,0,0
s=3296,716,0,0,0,0
s=3296,716,4080,0,0,0
s=3296,716,0,0,0,0
s=3398,204,0,0,0,0
s=3398,204,3516,0,0,0
s=3398,204,0,0,0,0
s=2502,102,0,0,0,0
s=2502,102,1219,0,0,0
s=2502,102,0,0,0,0
s=3245,435,0,0,0,0
s=3245,435,2614,0,0,0
s=3245,435,0,0,0,0
s=2605,179,0,0,0,0
s=2605,179,1966,0,0,0
s=2605,179,0,0,0,0
s=2886,332,0,0,0,0
s=2886,332,1543,0,0,0
s=2886,332,0,0,0,0
s=2886,307,0,0,0,0
s=2886,307,1571,0,0,0
s=2886,307,0,0,0,0
s=2784,460,0,0,0,0
s=2784,460,1303,0,0,0
s=2784,460,0,0,0,0
s=2682,127,0,0,0,0
s=2682,127,1670,0,0,0
s=2682,127,0,0,0,0
s=2963,76,0,0,0,0
s=2963,76,1994,0,0,0
s=2963,76,0,0,0,0
s=2989,588,0,0,0,0
s=2989,588,1402,0,0,0
s=2989,588,0,0,0,0
s=3065,486,0,0,0,0
s=3065,486,1684,0,0,0
s=3065,486,0,0,0,0
s=3168,716,0,0,0,0
s=3168,716,1543,0,0,0
s=3168,716,0,0,0,0
s=3347,409,0,0,0,0
s=3347,409,2544,0,0,0
s=3347,409,0,0,0,0
s=3117,25,0,0,0,0
s=3117,25,2403,0,0,0
s=3117,25,0,0,0,0
s=3117,102,0,0,0,0
s=3117,102,2248,0,0,0
s=3117,102,0,0,0,0
s=3373,691,0,0,0,0
s=3373,691,4080,0,0,0
s=3373,691,0,0,0,0
s=3193,691,0,0,0,0
s=3193,691,1599,0,0,0
s=3193,691,0,0,0,0
s=2963,332,0,0,0,0
s=2963,332,1571,0,0,0
s=2963,332,0,0,0,0
s=3424,383,0,0,0,0
s=3424,383,4080,0,0,0
s=3424,383,0,0,0,0
s=3193,819,0,0,0,0
s=3193,819,1472,0,0,0
s=3193,819,0,0,0,0
s=2682,1023,0,0,0,0
s=2682,1023,4080,0,0,0
s=2682,1023,0,0,0,0
s=3117,639,0,0,0,0
s=3117,639,1303,0,0,0
s=3117,639,0,0,0,0
s=2579,614,0,0,0,0
s=2579,614,1247,0,0,0
s=2579,614,0,0,0,0
s=2835,1023,0,0,0,0
s=2835,1023,3249,0,0,0
s=2835,1023,0,0,0,0
s=3117,537,0,0,0,0
s=3117,537,1909,0,0,0
s=3117,537,0,0,0,0
s=2221,179,0,0,0,0
s=2221,179,1261,0,0,0
s=2221,179,0,0,0,0
s=3065,51,0,0,0,0
s=3065,51,2248,0,0,0
s=3065,51,0,0,0,0
s=2451,921,0,0,0,0
s=2451,921,4080,0,0,0
s=2451,921,0,0,0,0
s=2170,383,0,0,0,0
s=2170,383,4066,0,0,0
s=2170,383,0,0,0,0
s=2630,153,0,0,0,0
s=2630,153,1486,0,0,0
s=2630,153,0,0,0,0
s=3193,153,0,0,0,0
s=3193,153,1881,0,0,0
s=3193,153,0,0,0,0
s=2707,76,0,0,0,0
s=2707,76,1782,0,0,0
s=2707,76,0,0,0,0
s=2195,230,0,0,0,0
s=2195,230,3531,0,0,0
s=2195,230,0,0,0,0
s=2784,537,0,0,0,0
s=2784,537,1289,0,0,0
s=2784,537,0,0,0,0
s=3219,153,0,0,0,0
s=3219,153,1782,0,0,0
s=3219,153,0,0,0,0
s=3424,102,0,0,0,0
s=3424,102,2544,0,0,0
s=3424,102,0,0,0,0
s=2707,0,0,0,0,0
s=2707,0,1768,0,0,0
s=2707,0,0,0,0,0
s=2272,742,0,0,0,0
s=2272,742,1275,0,0,0
s=2272,742,0,0,0,0
s=2938,102,0,0,0,0
s=2938,102,1557,0,0,0
s=2938,102,0,0,0,0
s=3193,0,0,0,0,0
s=3193,0,2544,0,0,0
s=3193,0,0,0,0,0
s=2758,0,0,0,0,0
s=2758,0,1923,0,0,0
s=2758,0,0,0,0,0
s=3091,153,0,0,0,0
s=3091,153,2121,0,0,0
s=3091,153,0,0,0,0
s=3193,435,0,0,0,0
s=3193,435,2431,0,0,0
s=3193,435,0,0,0,0
s=2861,409,0,0,0,0
s=2861,409,1472,0,0,0
s=2861,409,0,0,0,0
s=2758,25,0,0,0,0
s=2758,25,1938,0,0,0
s=2758,25,0,0,0,0
s=3321,255,0,0,0,0
s=3321,255,1909,0,0,0
s=3321,255,0,0,0,0
s=3373,895,0,0,0,0
s=3373,895,4080,0,0,0
s=3373,895,0,0,0,0
s=2963,460,0,0,0,0
s=2963,460,1515,0,0,0
s=2963,460,0,0,0,0
s=3219,435,0,0,0,0
s=3219,435,2586,0,0,0
s=3219,435,0,0,0,0
s=3168,358,0,0,0,0
s=3168,358,2473,0,0,0
s=3168,358,0,0,0,0
s=2554,179,0,0,0,0
s=2554,179,1712,0,0,0
s=2554,179,0,0,0,0
s=2733,537,0,0,0,0
s=2733,537,1416,0,0,0
s=2733,537,0,0,0,0
s=2707,153,0,0,0,0
s=2707,153,1966,0,0,0
s=2707,153,0,0,0,0
s=2221,563,0,0,0,0
s=2221,563,4080,0,0,0
s=2221,563,0,0,0,0
s=3449,51,0,0,0,0
s=3449,51,3954,0,0,0
s=3449,51,0,0,0,0
s=3117,460,0,0,0,0
s=3117,460,1825,0,0,0
s=3117,460,0,0,0,0
s=2630,1074,0,0,0,0
s=2630,1074,4080,0,0,0
s=2630,1074,0,0,0,0
s=3270,102,0,0,0,0
s=3270,102,2135,0,0,0
s=3270,102,0,0,0,0
s=2733,486,0,0,0,0
s=2733,486,1303,0,0,0
s=2733,486,0,0,0,0
s=3168,153,0,0,0,0
s=3168,153,2078,0,0,0
s=3168,153,0,0,0,0
s=2733,460,0,0,0,0
s=2733,460,1247,0,0,0
s=2733,460,0,0,0,0
s=2758,153,0,0,0,0
s=2758,153,1698,0,0,0
s=2758,153,0,0,0,0
s=3347,537,0,0,0,0
s=3347,537,4080,0,0,0
s=3347,537,0,0,0,0
s=3065,127,0,0,0,0
s=3065,127,2290,0,0,0
s=3065,127,0,0,0,0
s=3296,870,0,0,0,0
s=3296,870,4080,0,0,0
s=3296,870,0,0,0,0
s=3142,435,0,0,0,0
s=3142,435,2036,0,0,0
s=3142,435,0,0,0,0
s=2707,102,0,0,0,0
s=2707,102,1797,0,0,0
s=2707,102,0,0,0,0
s=2502,0,0,0,0,0
s=2502,0,1289,0,0,0
s=2502,0,0,0,0,0
s=2246,767,0,0,0,0
s=2246,767,3390,0,0,0
s=2246,767,0,0,0,0
s=3321,844,0,0,0,0
s=3321,844,4038,0,0,0
s=3321,844,0,0,0,0
s=2579,102,0,0,0,0
s=2579,102,1994,0,0,0
s=2579,102,0,0,0,0
s=3245,486,0,0,0,0
s=3245,486,2600,0,0,0
s=3245,486,0,0,0,0
s=2758,639,0,0,0,0
s=2758,639,1261,0,0,0
s=2758,639,0,0,0,0
s=2810,460,0,0,0,0
s=2810,460,1289,0,0,0
s=2810,460,0,0,0,0
s=3373,435,0,0,0,0
s=3373,435,4080,0,0,0
s=3373,435,0,0,0,0
s=2835,307,0,0,0,0
s=2835,307,1529,0,0,0
s=2835,307,0,0,0,0
s=3296,511,0,0,0,0
s=3296,511,2614,0,0,0
s=3296,511,0,0,0,0
s=2835,51,0,0,0,0
s=2835,51,1839,0,0,0
s=2835,51,0,0,0,0
s=3193,946,0,0,0,0
s=3193,946,1317,0,0,0
s=3193,946,0,0,0,0
s=2349,895,0,0,0,0
s=2349,895,4080,0,0,0
s=2349,895,0,0,0,0
s=2912,332,0,0,0,0
s=2912,332,1529,0,0,0
s=2912,332,0,0,0,0
s=3296,793,0,0,0,0
s=3296,793,1811,0,0,0
s=3296,793,0,0,0,0
s=2989,307,0,0,0,0
s=2989,307,1867,0,0,0
s=2989,307,0,0,0,0
s=3219,281,0,0,0,0
s=3219,281,2078,0,0,0
s=3219,281,0,0,0,0
s=2989,358,0,0,0,0
s=2989,358,1585,0,0,0
s=2989,358,0,0,0,0
s=2784,383,0,0,0,0
s=2784,383,1374,0,0,0
s=2784,383,0,0,0,0
s=3245,588,0,0,0,0
s=3245,588,2304,0,0,0
s=3245,588,0,0,0,0
s=3296,102,0,0,0,0
s=3296,102,1938,0,0,0
s=3296,102,0,0,0,0
s=2784,102,0,0,0,0
s=2784,102,1811,0,0,0
s=2784,102,0,0,0,0
s=2963,358,0,0,0,0
s=2963,358,1543,0,0,0
s=2963,358,0,0,0,0
s=2886,1023,0,0,0,0
s=2886,1023,1345,0,0,0
s=2886,1023,0,0,0,0
s=2835,409,0,0,0,0
s=2835,409,1458,0,0,0
s=2835,409,0,0,0,0
s=3219,716,0,0,0,0
s=3219,716,1585,0,0,0
s=3219,716,0,0,0,0
s=2682,281,0,0,0,0
s=2682,281,1359,0,0,0
s=2682,281,0,0,0,0
s=3142,665,0,0,0,0
s=3142,665,1289,0,0,0
s=3142,665,0,0,0,0
s=2886,102,0,0,0,0
s=2886,102,1359,0,0,0
s=2886,102,0,0,0,0
s=2630,307,0,0,0,0
s=2630,307,1374,0,0,0
s=2630,307,0,0,0,0
s=3219,76,0,0,0,0
s=3219,76,2304,0,0,0
s=3219,76,0,0,0,0
s=2554,972,0,0,0,0
s=2554,972,4066,0,0,0
s=2554,972,0,0,0,0
s=3270,537,0,0,0,0
s=3270,537,2530,0,0,0
s=3270,537,0,0,0,0
s=3296,127,0,0,0,0
s=3296,127,1698,0,0,0
s=3296,127,0,0,0,0
s=2528,51,0,0,0,0
s=2528,51,1684,0,0,0
s=2528,51,0,0,0,0
s=3040,76,0,0,0,0
s=3040,76,2262,0,0,0
s=3040,76,0,0,0,0
s=3219,460,0,0,0,0
s=3219,460,2516,0,0,0
s=3219,460,0,0,0,0
s=2989,332,0,0,0,0
s=2989,332,1641,0,0,0
s=2989,332,0,0,0,0
s=3065,25,0,0,0,0
s=3065,25,2205,0,0,0
s=3065,25,0,0,0,0
s=2195,281,0,0,0,0
s=2195,281,2135,0,0,0
s=2195,281,0,0,0,0
s=2272,767,0,0,0,0
s=2272,767,1345,0,0,0
s=2272,767,0,0,0,0
s=2707,179,0,0,0,0
s=2707,179,1317,0,0,0
s=2707,179,0,0,0,0
s=3193,127,0,0,0,0
s=3193,127,2008,0,0,0
s=3193,127,0,0,0,0
s=2682,25,0,0,0,0
s=2682,25,1233,0,0,0
s=2682,25,0,0,0,0
s=3245,255,0,0,0,0
s=3245,255,1966,0,0,0
s=3245,255,0,0,0,0
s=3168,307,0,0,0,0
s=3168,307,2290,0,0,0
s=3168,307,0,0,0,0
s=3168,665,0,0,0,0
s=3168,665,1331,0,0,0
s=3168,665,0,0,0,0
s=2426,921,0,0,0,0
s=2426,921,4080,0,0,0
s=2426,921,0,0,0,0
s=3014,76,0,0,0,0
s=3014,76,2248,0,0,0
s=3014,76,0,0,0,0
s=2912,537,0,0,0,0
s=2912,537,1444,0,0,0
s=2912,537,0,0,0,0
s=2246,742,0,0,0,0
s=2246,742,4066,0,0,0
s=2246,742,0,0,0,0
s=2861,537,0,0,0,0
s=2861,537,1458,0,0,0
s=2861,537,0,0,0,0
s=3193,844,0,0,0,0
s=3193,844,1219,0,0,0
s=3193,844,0,0,0,0
s=3347,76,0,0,0,0
s=3347,76,1444,0,0,0
s=3347,76,0,0,0,0
s=3245,307,0,0,0,0
s=3245,307,2262,0,0,0
s=3245,307,0,0,0,0
s=3321,742,0,0,0,0
s=3321,742,4052,0,0,0
s=3321,742,0,0,0,0
s=2656,358,0,0,0,0
s=2656,358,1331,0,0,0
s=2656,358,0,0,0,0
s=2835,127,0,0,0,0
s=2835,127,1317,0,0,0
s=2835,127,0,0,0,0
s=3347,691,0,0,0,0
s=3347,691,4080,0,0,0
s=3347,691,0,0,0,0
s=3270,870,0,0,0,0
s=3270,870,1585,0,0,0
s=3270,870,0,0,0,0
s=3373,332,0,0,0,0
s=3373,332,2544,0,0,0
s=3373,332,0,0,0,0
s=3142,409,0,0,0,0
s=3142,409,1994,0,0,0
s=3142,409,0,0,0,0
s=2682,1074,0,0,0,0
s=2682,1074,4080,0,0,0
s=2682,1074,0,0,0,0
s=3193,332,0,0,0,0
s=3193,332,2417,0,0,0
s=3193,332,0,0,0,0
s=3270,153,0,0,0,0
s=3270,153,1430,0,0,0
s=3270,153,0,0,0,0
s=2963,563,0,0,0,0
s=2963,563,1416,0,0,0
s=2963,563,0,0,0,0
s=3321,793,0,0,0,0
s=3321,793,3982,0,0,0
s=3321,793,0,0,0,0
s=2861,486,0,0,0,0
s=2861,486,1374,0,0,0
s=2861,486,0,0,0,0
s=3065,0,0,0,0,0
s=3065,0,2262,0,0,0
s=3065,0,0,0,0,0
s=3117,511,0,0,0,0
s=3117,511,1952,0,0,0
s=3117,511,0,0,0,0
s=3014,358,0,0,0,0
s=3014,358,1726,0,0,0
s=3014,358,0,0,0,0
s=3296,358,0,0,0,0
s=3296,358,2572,0,0,0
s=3296,358,0,0,0,0
s=3193,51,0,0,0,0
s=3193,51,2431,0,0,0
s=3193,51,0,0,0,0
s=2861,435,0,0,0,0
s=2861,435,1359,0,0,0
s=2861,435,0,0,0,0
s=2502,25,0,0,0,0
s=2502,25,1275,0,0,0
s=2502,25,0,0,0,0
s=3168,793,0,0,0,0
s=3168,793,1359,0,0,0
s=3168,793,0,0,0,0
s=2682,102,0,0,0,0
s=2682,102,1571,0,0,0
s=2682,102,0,0,0,0
s=3193,588,0,0,0,0
s=3193,588,2121,0,0,0
s=3193,588,0,0,0,0
s=2938,51,0,0,0,0
s=2938,51,2093,0,0,0
s=2938,51,0,0,0,0
s=3117,588,0,0,0,0
s=3117,588,1909,0,0,0
s=3117,588,0,0,0,0
s=2810,588,0,0,0,0
s=2810,588,1275,0,0,0
s=2810,588,0,0,0,0
s=3014,614,0,0,0,0
s=3014,614,1458,0,0,0
s=3014,614,0,0,0,0
s=2912,281,0,0,0,0
s=2912,281,1359,0,0,0
s=2912,281,0,0,0,0
s=2119,204,0,0,0,0
s=2119,204,4080,0,0,0
s=2119,204,0,0,0,0
s=2989,511,0,0,0,0
s=2989,511,1486,0,0,0
s=2989,511,0,0,0,0
s=3091,563,0,0,0,0
s=3091,563,1867,0,0,0
s=3091,563,0,0,0,0
s=2963,511,0,0,0,0
s=2963,511,1500,0,0,0
s=2963,511,0,0,0,0
s=2733,409,0,0,0,0
s=2733,409,1317,0,0,0
s=2733,409,0,0,0,0
s=3321,665,0,0,0,0
s=3321,665,4052,0,0,0
s=3321,665,0,0,0,0
s=2554,127,0,0,0,0
s=2554,127,1585,0,0,0
s=2554,127,0,0,0,0
s=2963,51,0,0,0,0
s=2963,51,2163,0,0,0
s=2963,51,0,0,0,0
s=2682,307,0,0,0,0
s=2682,307,1345,0,0,0
s=2682,307,0,0,0,0
s=3347,665,0,0,0,0
s=3347,665,4066,0,0,0
s=3347,665,0,0,0,0
s=2912,76,0,0,0,0
s=2912,76,1782,0,0,0
s=2912,76,0,0,0,0
s=3373,563,0,0,0,0
s=3373,563,4066,0,0,0
s=3373,563,0,0,0,0
s=2938,537,0,0,0,0
s=2938,537,1430,0,0,0
s=2938,537,0,0,0,0
s=2630,998,0,0,0,0
s=2630,998,4080,0,0,0
s=2630,998,0,0,0,0
s=3373,409,0,0,0,0
s=3373,409,4066,0,0,0
s=3373,409,0,0,0,0
s=3347,614,0,0,0,0
s=3347,614,3404,0,0,0
s=3347,614,0,0,0,0
s=3142,588,0,0,0,0
s=3142,588,2036,0,0,0
s=3142,588,0,0,0,0
s=3014,563,0,0,0,0
s=3014,563,1515,0,0,0
s=3014,563,0,0,0,0
s=2579,255,0,0,0,0
s=2579,255,1219,0,0,0
s=2579,255,0,0,0,0
s=2810,563,0,0,0,0
s=2810,563,1303,0,0,0
s=2810,563,0,0,0,0
s=3193,767,0,0,0,0
s=3193,767,1938,0,0,0
s=3193,767,0,0,0,0
s=3270,51,0,0,0,0
s=3270,51,2177,0,0,0
s=3270,51,0,0,0,0
s=3065,332,0,0,0,0
s=3065,332,2276,0,0,0
s=3065,332,0,0,0,0
s=2195,0,0,0,0,0
s=2195,0,4080,0,0,0
s=2195,0,0,0,0,0
s=2886,76,0,0,0,0
s=2886,76,1726,0,0,0
s=2886,76,0,0,0,0
s=3245,793,0,0,0,0
s=3245,793,1768,0,0,0
s=3245,793,0,0,0,0
s=2605,25,0,0,0,0
s=2605,25,1839,0,0,0
s=2605,25,0,0,0,0
s=2656,383,0,0,0,0
s=2656,383,1303,0,0,0
s=2656,383,0,0,0,0
s=3040,639,0,0,0,0
s=3040,639,1247,0,0,0
s=3040,639,0,0,0,0
s=2170,358,0,0,0,0
s=2170,358,4052,0,0,0
s=2170,358,0,0,0,0
s=2400,895,0,0,0,0
s=2400,895,4080,0,0,0
s=2400,895,0,0,0,0
s=2682,383,0,0,0,0
s=2682,383,1233,0,0,0
s=2682,383,0,0,0,0
s=3245,0,0,0,0,0
s=3245,0,2304,0,0,0
s=3245,0,0,0,0,0
s=3014,307,0,0,0,0
s=3014,307,2163,0,0,0
s=3014,307,0,0,0,0
s=3065,102,0,0,0,0
s=3065,102,2304,0,0,0
s=3065,102,0,0,0,0
s=2861,255,0,0,0,0
s=2861,255,1233,0,0,0
s=2861,255,0,0,0,0
s=3219,358,0,0,0,0
s=3219,358,2544,0,0,0
s=3219,358,0,0,0,0
s=2758,332,0,0,0,0
s=2758,332,1430,0,0,0
s=2758,332,0,0,0,0
s=3091,409,0,0,0,0
s=3091,409,1726,0,0,0
s=3091,409,0,0,0,0
s=2707,639,0,0,0,0
s=2707,639,1388,0,0,0
s=2707,639,0,0,0,0
s=3373,153,0,0,0,0
s=3373,153,2713,0,0,0
s=3373,153,0,0,0,0
s=3065,76,0,0,0,0
s=3065,76,2276,0,0,0
s=3065,76,0,0,0,0
s=2758,588,0,0,0,0
s=2758,588,1317,0,0,0
s=2758,588,0,0,0,0
s=3065,563,0,0,0,0
s=3065,563,1712,0,0,0
s=3065,563,0,0,0,0
s=2758,281,0,0,0,0
s=2758,281,1416,0,0,0
s=2758,281,0,0,0,0
s=3321,691,0,0,0,0
s=3321,691,2657,0,0,0
s=3321,691,0,0,0,0
s=2605,76,0,0,0,0
s=2605,76,2064,0,0,0
s=2605,76,0,0,0,0
s=3168,281,0,0,0,0
s=3168,281,2121,0,0,0
s=3168,281,0,0,0,0
s=3091,639,0,0,0,0
s=3091,639,1317,0,0,0
s=3091,639,0,0,0,0
s=2758,127,0,0,0,0
s=2758,127,1839,0,0,0
s=2758,127,0,0,0,0
s=2938,383,0,0,0,0
s=2938,383,1571,0,0,0
s=2938,383,0,0,0,0
s=3245,639,0,0,0,0
s=3245,639,1500,0,0,0
s=3245,639,0,0,0,0
s=3065,1023,0,0,0,0
s=3065,1023,4080,0,0,0
s=3065,1023,0,0,0,0
s=3091,255,0,0,0,0
s=3091,255,1966,0,0,0
s=3091,255,0,0,0,0
s=2579,25,0,0,0,0
s=2579,25,1811,0,0,0
s=2579,25,0,0,0,0
s=2886,563,0,0,0,0
s=2886,563,1331,0,0,0
s=2886,563,0,0,0,0
s=2630,332,0,0,0,0
s=2630,332,1303,0,0,0
s=2630,332,0,0,0,0
s=3091,102,0,0,0,0
s=3091,102,2318,0,0,0
s=3091,102,0,0,0,0
s=3245,511,0,0,0,0
s=3245,511,2572,0,0,0
s=3245,511,0,0,0,0
s=2528,153,0,0,0,0
s=2528,153,1599,0,0,0
s=2528,153,0,0,0,0
s=3065,998,0,0,0,0
s=3065,998,2318,0,0,0
s=3065,998,0,0,0,0
s=3449,25,0,0,0,0
s=3449,25,3601,0,0,0
s=3449,25,0,0,0,0
s=2272,844,0,0,0,0
s=2272,844,4080,0,0,0
s=2272,844,0,0,0,0
s=3347,486,0,0,0,0
s=3347,486,3700,0,0,0
s=3347,486,0,0,0,0
s=3321,383,0,0,0,0
s=3321,383,2671,0,0,0
s=3321,383,0,0,0,0
s=3219,332,0,0,0,0
s=3219,332,2501,0,0,0
s=3219,332,0,0,0,0
s=3270,435,0,0,0,0
s=3270,435,2628,0,0,0
s=3270,435,0,0,0,0
s=2784,332,0,0,0,0
s=2784,332,1515,0,0,0
s=2784,332,0,0,0,0
s=2656,307,0,0,0,0
s=2656,307,1317,0,0,0
s=2656,307,0,0,0,0
s=3449,307,0,0,0,0
s=3449,307,4080,0,0,0
s=3449,307,0,0,0,0
s=3219,102,0,0,0,0
s=3219,102,2163,0,0,0
s=3219,102,0,0,0,0
s=3424,358,0,0,0,0
s=3424,358,4080,0,0,0
s=3424,358,0,0,0,0
s=2810,1023,0,0,0,0
s=2810,1023,3249,0,0,0
s=2810,1023,0,0,0,0
s=2912,102,0,0,0,0
s=2912,102,1430,0,0,0
s=2912,102,0,0,0,0
s=2554,102,0,0,0,0
s=2554,102,1627,0,0,0
s=2554,102,0,0,0,0
s=3373,127,0,0,0,0
s=3373,127,2191,0,0,0
s=3373,127,0,0,0,0
s=3065,255,0,0,0,0
s=3065,255,2008,0,0,0
s=3065,255,0,0,0,0
s=2246,614,0,0,0,0
s=2246,614,1233,0,0,0
s=2246,614,0,0,0,0
s=3117,51,0,0,0,0
s=3117,51,2403,0,0,0
s=3117,51,0,0,0,0
s=2170,409,0,0,0,0
s=2170,409,4080,0,0,0
s=2170,409,0,0,0,0
s=3040,486,0,0,0,0
s=3040,486,1557,0,0,0
s=3040,486,0,0,0,0
s=3168,76,0,0,0,0
s=3168,76,2262,0,0,0
s=3168,76,0,0,0,0
s=2886,281,0,0,0,0
s=2886,281,1515,0,0,0
s=2886,281,0,0,0,0
s=2938,332,0,0,0,0
s=2938,332,1557,0,0,0
s=2938,332,0,0,0,0
s=3014,460,0,0,0,0
s=3014,460,1627,0,0,0
s=3014,460,0,0,0,0
s=3193,383,0,0,0,0
s=3193,383,2544,0,0,0
s=3193,383,0,0,0,0
s=3270,614,0,0,0,0
s=3270,614,2050,0,0,0
s=3270,614,0,0,0,0
s=2528,946,0,0,0,0
s=2528,946,1627,0,0,0
s=2528,946,0,0,0,0
s=2886,51,0,0,0,0
s=2886,51,1994,0,0,0
s=2886,51,0,0,0,0
s=3270,767,0,0,0,0
s=3270,767,1726,0,0,0
s=3270,767,0,0,0,0
s=2170,255,0,0,0,0
s=2170,255,4080,0,0,0
s=2170,255,0,0,0,0
s=2886,460,0,0,0,0
s=2886,460,1486,0,0,0
s=2886,460,0,0,0,0
s=3321,307,0,0,0,0
s=3321,307,2022,0,0,0
s=3321,307,0,0,0,0
s=2528,0,0,0,0,0
s=2528,0,1486,0,0,0
s=2528,0,0,0,0,0
s=3245,51,0,0,0,0
s=3245,51,2332,0,0,0
s=3245,51,0,0,0,0
s=3219,819,0,0,0,0
s=3219,819,1782,0,0,0
s=3219,819,0,0,0,0
s=3040,435,0,0,0,0
s=3040,435,1571,0,0,0
s=3040,435,0,0,0,0
s=3373,0,0,0,0,0
s=3373,0,1853,0,0,0
s=3373,0,0,0,0,0
s=2707,563,0,0,0,0
s=2707,563,1359,0,0,0
s=2707,563,0,0,0,0
s=3321,537,0,0,0,0
s=3321,537,2403,0,0,0
s=3321,537,0,0,0,0
s=3014,281,0,0,0,0
s=3014,281,2121,0,0,0
s=3014,281,0,0,0,0
s=3347,819,0,0,0,0
s=3347,819,4080,0,0,0
s=3347,819,0,0,0,0
s=3193,742,0,0,0,0
s=3193,742,1599,0,0,0
s=3193,742,0,0,0,0
s=2195,460,0,0,0,0
s=2195,460,1641,0,0,0
s=2195,460,0,0,0,0
s=2579,0,0,0,0,0
s=2579,0,1994,0,0,0
s=2579,0,0,0,0,0
s=3168,255,0,0,0,0
s=3168,255,1895,0,0,0
s=3168,255,0,0,0,0
s=3245,537,0,0,0,0
s=3245,537,2558,0,0,0
s=3245,537,0,0,0,0
s=2707,332,0,0,0,0
s=2707,332,1317,0,0,0
s=2707,332,0,0,0,0
s=2656,281,0,0,0,0
s=2656,281,1303,0,0,0
s=2656,281,0,0,0,0
s=2784,409,0,0,0,0
s=2784,409,1416,0,0,0
s=2784,409,0,0,0,0
s=2195,383,0,0,0,0
s=2195,383,1881,0,0,0
s=2195,383,0,0,0,0
s=2221,230,0,0,0,0
s=2221,230,2431,0,0,0
s=2221,230,0,0,0,0
s=3142,281,0,0,0,0
s=3142,281,2163,0,0,0
s=3142,281,0,0,0,0
s=2810,281,0,0,0,0
s=2810,281,1374,0,0,0
s=2810,281,0,0,0,0
s=2630,255,0,0,0,0
s=2630,255,1247,0,0,0
s=2630,255,0,0,0,0
s=2861,0,0,0,0,0
s=2861,0,2050,0,0,0
s=2861,0,0,0,0,0
s=3040,307,0,0,0,0
s=3040,307,2191,0,0,0
s=3040,307,0,0,0,0
s=3245,25,0,0,0,0
s=3245,25,2417,0,0,0
s=3245,25,0,0,0,0
s=2656,153,0,0,0,0
s=2656,153,1374,0,0,0
s=2656,153,0,0,0,0
s=3168,511,0,0,0,0
s=3168,511,2360,0,0,0
s=3168,511,0,0,0,0
s=3168,537,0,0,0,0
s=3168,537,2318,0,0,0
s=3168,537,0,0,0,0
s=3296,563,0,0,0,0
s=3296,563,2346,0,0,0
s=3296,563,0,0,0,0
s=2707,486,0,0,0,0
s=2707,486,1233,0,0,0
s=2707,486,0,0,0,0
s=2912,307,0,0,0,0
s=2912,307,1543,0,0,0
s=2912,307,0,0,0,0
s=3347,716,0,0,0,0
s=3347,716,4080,0,0,0
s=3347,716,0,0,0,0
s=3219,614,0,0,0,0
s=3219,614,1980,0,0,0
s=3219,614,0,0,0,0
s=2221,844,0,0,0,0
s=2221,844,4080,0,0,0
s=2221,844,0,0,0,0
s=3014,588,0,0,0,0
s=3014,588,1444,0,0,0
s=3014,588,0,0,0,0
s=2861,358,0,0,0,0
s=2861,358,1529,0,0,0
s=2861,358,0,0,0,0
s=3040,460,0,0,0,0
s=3040,460,1529,0,0,0
s=3040,460,0,0,0,0
s=3091,358,0,0,0,0
s=3091,358,2093,0,0,0
s=3091,358,0,0,0,0
s=3373,665,0,0,0,0
s=3373,665,4080,0,0,0
s=3373,665,0,0,0,0
s=3193,281,0,0,0,0
s=3193,281,2149,0,0,0
s=3193,281,0,0,0,0
s=3424,204,0,0,0,0
s=3424,204,4080,0,0,0
s=3424,204,0,0,0,0
s=2733,1049,0,0,0,0
s=2733,1049,4080,0,0,0
s=2733,1049,0,0,0,0
s=3449,332,0,0,0,0
s=3449,332,4080,0,0,0
s=3449,332,0,0,0,0
s=2502,76,0,0,0,0
s=2502,76,1331,0,0,0
s=2502,76,0,0,0,0
s=2784,76,0,0,0,0
s=2784,76,1867,0,0,0
s=2784,76,0,0,0,0
s=3014,511,0,0,0,0
s=3014,511,1500,0,0,0
s=3014,511,0,0,0,0
s=3219,742,0,0,0,0
s=3219,742,1627,0,0,0
s=3219,742,0,0,0,0
s=2758,614,0,0,0,0
s=2758,614,1247,0,0,0
s=2758,614,0,0,0,0
s=2272,793,0,0,0,0
s=2272,793,1317,0,0,0
s=2272,793,0,0,0,0
s=2810,0,0,0,0,0
s=2810,0,1980,0,0,0
s=2810,0,0,0,0,0
s=3424,179,0,0,0,0
s=3424,179,4080,0,0,0
s=3424,179,0,0,0,0
s=2374,870,0,0,0,0
s=2374,870,1543,0,0,0
s=2374,870,0,0,0,0
s=3219,0,0,0,0,0
s=3219,0,2431,0,0,0
s=3219,0,0,0,0,0
s=3040,511,0,0,0,0
s=3040,511,1599,0,0,0
s=3040,511,0,0,0,0
s=3398,51,0,0,0,0
s=3398,51,2276,0,0,0
s=3398,51,0,0,0,0
s=2989,102,0,0,0,0
s=2989,102,2191,0,0,0
s=2989,102,0,0,0,0
s=3142,102,0,0,0,0
s=3142,102,2191,0,0,0
s=3142,102,0,0,0,0
s=3168,972,0,0,0,0
s=3168,972,4080,0,0,0
s=3168,972,0,0,0,0
s=2784,435,0,0,0,0
s=2784,435,1289,0,0,0
s=2784,435,0,0,0,0
s=3117,0,0,0,0,0
s=3117,0,2403,0,0,0
s=3117,0,0,0,0,0
s=3117,383,0,0,0,0
s=3117,383,1740,0,0,0
s=3117,383,0,0,0,0
s=2861,51,0,0,0,0
s=2861,51,1938,0,0,0
s=2861,51,0,0,0,0
s=3219,25,0,0,0,0
s=3219,25,2403,0,0,0
s=3219,25,0,0,0,0
s=2784,51,0,0,0,0
s=2784,51,1909,0,0,0
s=2784,51,0,0,0,0
s=2144,435,0,0,0,0
s=2144,435,4080,0,0,0
s=2144,435,0,0,0,0
s=3270,639,0,0,0,0
s=3270,639,1599,0,0,0
s=3270,639,0,0,0,0
s=2938,486,0,0,0,0
s=2938,486,1515,0,0,0
s=2938,486,0,0,0,0
s=3321,895,0,0,0,0
s=3321,895,4080,0,0,0
s=3321,895,0,0,0,0
s=2272,691,0,0,0,0
s=2272,691,1289,0,0,0
s=2272,691,0,0,0,0
s=2886,435,0,0,0,0
s=2886,435,1444,0,0,0
s=2886,435,0,0,0,0
s=2221,76,0,0,0,0
s=2221,76,2050,0,0,0
s=2221,76,0,0,0,0
s=2835,588,0,0,0,0
s=2835,588,1374,0,0,0
s=2835,588,0,0,0,0
s=3040,383,0,0,0,0
s=3040,383,1627,0,0,0
s=3040,383,0,0,0,0
s=3168,435,0,0,0,0
s=3168,435,2290,0,0,0
s=3168,435,0,0,0,0
s=2835,537,0,0,0,0
s=2835,537,1345,0,0,0
s=2835,537,0,0,0,0
s=3296,307,0,0,0,0
s=3296,307,2135,0,0,0
s=3296,307,0,0,0,0
s=2195,25,0,0,0,0
s=2195,25,4080,0,0,0
s=2195,25,0,0,0,0
s=2810,102,0,0,0,0
s=2810,102,1698,0,0,0
s=2810,102,0,0,0,0
s=3117,307,0,0,0,0
s=3117,307,2248,0,0,0
s=3117,307,0,0,0,0
s=2989,460,0,0,0,0
s=2989,460,1656,0,0,0
s=2989,460,0,0,0,0
s=3270,281,0,0,0,0
s=3270,281,1938,0,0,0
s=3270,281,0,0,0,0
s=3245,691,0,0,0,0
s=3245,691,1430,0,0,0
s=3245,691,0,0,0,0
s=3014,383,0,0,0,0
s=3014,383,1571,0,0,0
s=3014,383,0,0,0,0
s=2938,281,0,0,0,0
s=2938,281,1416,0,0,0
s=2938,281,0,0,0,0
s=3091,76,0,0,0,0
s=3091,76,2318,0,0,0
s=3091,76,0,0,0,0
s=3347,563,0,0,0,0
s=3347,563,4080,0,0,0
s=3347,563,0,0,0,0
s=3168,25,0,0,0,0
s=3168,25,2544,0,0,0
s=3168,25,0,0,0,0
s=3168,127,0,0,0,0
s=3168,127,2093,0,0,0
s=3168,127,0,0,0,0
s=3398,25,0,0,0,0
s=3398,25,2107,0,0,0
s=3398,25,0,0,0,0
s=2221,537,0,0,0,0
s=2221,537,1853,0,0,0
s=2221,537,0,0,0,0
s=3091,537,0,0,0,0
s=3091,537,1895,0,0,0
s=3091,537,0,0,0,0
s=3091,0,0,0,0,0
s=3091,0,2332,0,0,0
s=3091,0,0,0,0,0
s=3321,639,0,0,0,0
s=3321,639,2093,0,0,0
s=3321,639,0,0,0,0
s=2246,691,0,0,0,0
s=2246,691,1219,0,0,0
s=2246,691,0,0,0,0
s=3270,25,0,0,0,0
s=3270,25,2219,0,0,0
s=3270,25,0,0,0,0
s=2246,793,0,0,0,0
s=2246,793,4080,0,0,0
s=2246,793,0,0,0,0
s=3065,511,0,0,0,0
s=3065,511,1613,0,0,0
s=3065,511,0,0,0,0
s=2938,409,0,0,0,0
s=2938,409,1529,0,0,0
s=2938,409,0,0,0,0
s=3270,255,0,0,0,0
s=3270,255,2050,0,0,0
s=3270,255,0,0,0,0
s=2886,383,0,0,0,0
s=2886,383,1500,0,0,0
s=2886,383,0,0,0,0
s=2630,25,0,0,0,0
s=2630,25,1895,0,0,0
s=2630,25,0,0,0,0
s=3168,486,0,0,0,0
s=3168,486,2389,0,0,0
s=3168,486,0,0,0,0
s=3142,972,0,0,0,0
s=3142,972,3897,0,0,0
s=3142,972,0,0,0,0
s=3321,870,0,0,0,0
s=3321,870,4080,0,0,0
s=3321,870,0,0,0,0
s=2682,76,0,0,0,0
s=2682,76,1486,0,0,0
s=2682,76,0,0,0,0
s=3321,767,0,0,0,0
s=3321,767,1768,0,0,0
s=3321,767,0,0,0,0
s=3373,25,0,0,0,0
s=3373,25,1782,0,0,0
s=3373,25,0,0,0,0
s=2630,588,0,0,0,0
s=2630,588,1289,0,0,0
s=2630,588,0,0,0,0
s=2195,255,0,0,0,0
s=2195,255,4038,0,0,0
s=2195,255,0,0,0,0
s=2835,25,0,0,0,0
s=2835,25,1895,0,0,0
s=2835,25,0,0,0,0
s=2323,844,0,0,0,0
s=2323,844,4066,0,0,0
s=2323,844,0,0,0,0
s=3091,383,0,0,0,0
s=3091,383,1712,0,0,0
s=3091,383,0,0,0,0
s=2682,639,0,0,0,0
s=2682,639,1317,0,0,0
s=2682,639,0,0,0,0
s=2810,25,0,0,0,0
s=2810,25,1895,0,0,0
s=2810,25,0,0,0,0
s=2784,511,0,0,0,0
s=2784,511,1317,0,0,0
s=2784,511,0,0,0,0
s=3321,332,0,0,0,0
s=3321,332,2121,0,0,0
s=3321,332,0,0,0,0
s=3040,588,0,0,0,0
s=3040,588,1543,0,0,0
s=3040,588,0,0,0,0
s=2963,0,0,0,0,0
s=2963,0,2234,0,0,0
s=2963,0,0,0,0,0
s=3296,51,0,0,0,0
s=3296,51,2121,0,0,0
s=3296,51,0,0,0,0
s=3168,691,0,0,0,0
s=3168,691,1345,0,0,0
s=3168,691,0,0,0,0
s=2221,767,0,0,0,0
s=2221,767,4080,0,0,0
s=2221,767,0,0,0,0
s=2912,25,0,0,0,0
s=2912,25,2064,0,0,0
s=2912,25,0,0,0,0
s=3398,76,0,0,0,0
s=3398,76,2177,0,0,0
s=3398,76,0,0,0,0
s=3296,332,0,0,0,0
s=3296,332,2177,0,0,0
s=3296,332,0,0,0,0
s=2554,0,0,0,0,0
s=2554,0,1656,0,0,0
s=2554,0,0,0,0,0
s=2170,435,0,0,0,0
s=2170,435,4066,0,0,0
s=2170,435,0,0,0,0
s=3091,332,0,0,0,0
s=3091,332,2290,0,0,0
s=3091,332,0,0,0,0
s=2605,0,0,0,0,0
s=2605,0,1839,0,0,0
s=2605,0,0,0,0,0
s=2989,0,0,0,0,0
s=2989,0,2262,0,0,0
s=2989,0,0,0,0,0
s=2221,716,0,0,0,0
s=2221,716,4080,0,0,0
s=2221,716,0,0,0,0
s=2963,588,0,0,0,0
s=2963,588,1289,0,0,0
s=2963,588,0,0,0,0
s=3373,358,0,0,0,0
s=3373,358,2572,0,0,0
s=3373,358,0,0,0,0
s=2989,255,0,0,0,0
s=2989,255,1909,0,0,0
s=2989,255,0,0,0,0
s=2528,76,0,0,0,0
s=2528,76,1684,0,0,0
s=2528,76,0,0,0,0
s=3449,127,0,0,0,0
s=3449,127,4080,0,0,0
s=3449,127,0,0,0,0
s=2912,614,0,0,0,0
s=2912,614,1317,0,0,0
s=2912,614,0,0,0,0
s=2733,614,0,0,0,0
s=2733,614,1388,0,0,0
s=2733,614,0,0,0,0
s=3398,230,0,0,0,0
s=3398,230,1515,0,0,0
s=3398,230,0,0,0,0
s=2886,0,0,0,0,0
s=2886,0,2064,0,0,0
s=2886,0,0,0,0,0
s=2272,639,0,0,0,0
s=2272,639,1233,0,0,0
s=2272,639,0,0,0,0
s=3142,614,0,0,0,0
s=3142,614,1698,0,0,0
s=3142,614,0,0,0,0
s=2221,204,0,0,0,0
s=2221,204,2967,0,0,0
s=2221,204,0,0,0,0
s=2784,588,0,0,0,0
s=2784,588,1289,0,0,0
s=2784,588,0,0,0,0
s=3270,307,0,0,0,0
s=3270,307,2078,0,0,0
s=3270,307,0,0,0,0
s=2528,127,0,0,0,0
s=2528,127,1782,0,0,0
s=2528,127,0,0,0,0
s=2886,588,0,0,0,0
s=2886,588,1331,0,0,0
s=2886,588,0,0,0,0
s=3245,409,0,0,0,0
s=3245,409,2614,0,0,0
s=3245,409,0,0,0,0
s=2989,127,0,0,0,0
s=2989,127,2078,0,0,0
s=2989,127,0,0,0,0
s=3270,691,0,0,0,0
s=3270,691,1416,0,0,0
s=3270,691,0,0,0,0
s=3424,153,0,0,0,0
s=3424,153,4080,0,0,0
s=3424,153,0,0,0,0
s=2886,486,0,0,0,0
s=2886,486,1486,0,0,0
s=2886,486,0,0,0,0
s=3296,460,0,0,0,0
s=3296,460,2628,0,0,0
s=3296,460,0,0,0,0
s=2733,0,0,0,0,0
s=2733,0,1895,0,0,0
s=2733,0,0,0,0,0
s=2221,255,0,0,0,0
s=2221,255,1388,0,0,0
s=2221,255,0,0,0,0
s=2733,255,0,0,0,0
s=2733,255,1289,0,0,0
s=2733,255,0,0,0,0
s=2989,281,0,0,0,0
s=2989,281,2022,0,0,0
s=2989,281,0,0,0,0
s=2810,537,0,0,0,0
s=2810,537,1402,0,0,0
s=2810,537,0,0,0,0
s=2246,665,0,0,0,0
s=2246,665,1233,0,0,0
s=2246,665,0,0,0,0
s=2810,127,0,0,0,0
s=2810,127,1557,0,0,0
s=2810,127,0,0,0,0
s=3398,281,0,0,0,0
s=3398,281,1726,0,0,0
s=3398,281,0,0,0,0
s=3168,409,0,0,0,0
s=3168,409,2304,0,0,0
s=3168,409,0,0,0,0
s=3424,230,0,0,0,0
s=3424,230,4038,0,0,0
s=3424,230,0,0,0,0
s=3142,537,0,0,0,0
s=3142,537,2177,0,0,0
s=3142,537,0,0,0,0
s=3270,511,0,0,0,0
s=3270,511,2628,0,0,0
s=3270,511,0,0,0,0
s=3193,358,0,0,0,0
s=3193,358,2501,0,0,0
s=3193,358,0,0,0,0
s=3142,563,0,0,0,0
s=3142,563,2135,0,0,0
s=3142,563,0,0,0,0
s=2835,358,0,0,0,0
s=2835,358,1500,0,0,0
s=2835,358,0,0,0,0
s=2963,1023,0,0,0,0
s=2963,1023,1331,0,0,0
s=2963,1023,0,0,0,0
s=2682,563,0,0,0,0
s=2682,563,1261,0,0,0
s=2682,563,0,0,0,0
s=2221,127,0,0,0,0
s=2221,127,2191,0,0,0
s=2221,127,0,0,0,0
s=2989,25,0,0,0,0
s=2989,25,2262,0,0,0
s=2989,25,0,0,0,0
s=3168,614,0,0,0,0
s=3168,614,1768,0,0,0
s=3168,614,0,0,0,0
s=3449,0,0,0,0,0
s=3449,0,3601,0,0,0
s=3449,0,0,0,0,0
s=3424,307,0,0,0,0
s=3424,307,1472,0,0,0
s=3424,307,0,0,0,0
s=3270,819,0,0,0,0
s=3270,819,2050,0,0,0
s=3270,819,0,0,0,0
s=3065,588,0,0,0,0
s=3065,588,1627,0,0,0
s=3065,588,0,0,0,0
s=3424,51,0,0,0,0
s=3424,51,2290,0,0,0
s=3424,51,0,0,0,0
s=3296,691,0,0,0,0
s=3296,691,3629,0,0,0
s=3296,691,0,0,0,0
s=3296,153,0,0,0,0
s=3296,153,1486,0,0,0
s=3296,153,0,0,0,0
s=3219,563,0,0,0,0
s=3219,563,2403,0,0,0
s=3219,563,0,0,0,0
s=3219,665,0,0,0,0
s=3219,665,1486,0,0,0
s=3219,665,0,0,0,0
s=3245,383,0,0,0,0
s=3245,383,2628,0,0,0
s=3245,383,0,0,0,0
s=2758,1023,0,0,0,0
s=2758,1023,4080,0,0,0
s=2758,1023,0,0,0,0
s=3168,588,0,0,0,0
s=3168,588,2064,0,0,0
s=3168,588,0,0,0,0
s=3245,742,0,0,0,0
s=3245,742,1698,0,0,0
s=3245,742,0,0,0,0
s=2221,793,0,0,0,0
s=2221,793,4080,0,0,0
s=2221,793,0,0,0,0
s=3296,409,0,0,0,0
s=3296,409,2628,0,0,0
s=3296,409,0,0,0,0
s=3245,844,0,0,0,0
s=3245,844,1374,0,0,0
s=3245,844,0,0,0,0
s=2656,76,0,0,0,0
s=2656,76,1388,0,0,0
s=2656,76,0,0,0,0
s=2579,179,0,0,0,0
s=2579,179,1881,0,0,0
s=2579,179,0,0,0,0
s=3014,332,0,0,0,0
s=3014,332,2064,0,0,0
s=3014,332,0,0,0,0
s=3398,332,0,0,0,0
s=3398,332,2628,0,0,0
s=3398,332,0,0,0,0
s=2861,563,0,0,0,0
s=2861,563,1331,0,0,0
s=2861,563,0,0,0,0
s=2989,153,0,0,0,0
s=2989,153,1839,0,0,0
s=2989,153,0,0,0,0
s=3270,563,0,0,0,0
s=3270,563,2487,0,0,0
s=3270,563,0,0,0,0
s=2272,665,0,0,0,0
s=2272,665,1261,0,0,0
s=2272,665,0,0,0,0
s=2630,563,0,0,0,0
s=2630,563,1317,0,0,0
s=2630,563,0,0,0,0
s=2630,1023,0,0,0,0
s=2630,1023,4080,0,0,0
s=2630,1023,0,0,0,0
s=3245,819,0,0,0,0
s=3245,819,1430,0,0,0
s=3245,819,0,0,0,0
s=3193,716,0,0,0,0
s=3193,716,1698,0,0,0
s=3193,716,0,0,0,0
s=2656,0,0,0,0,0
s=2656,0,1458,0,0,0
s=2656,0,0,0,0,0
s=3449,76,0,0,0,0
s=3449,76,4080,0,0,0
s=3449,76,0,0,0,0
s=3347,639,0,0,0,0
s=3347,639,3601,0,0,0
s=3347,639,0,0,0,0
s=2835,511,0,0,0,0
s=2835,511,1289,0,0,0
s=2835,511,0,0,0,0
s=2733,25,0,0,0,0
s=2733,25,2022,0,0,0
s=2733,25,0,0,0,0
s=3373,51,0,0,0,0
s=3373,51,1909,0,0,0
s=3373,51,0,0,0,0
s=2835,281,0,0,0,0
s=2835,281,1388,0,0,0
s=2835,281,0,0,0,0
s=2733,358,0,0,0,0
s=2733,358,1359,0,0,0
s=2733,358,0,0,0,0
s=3193,639,0,0,0,0
s=3193,639,1543,0,0,0
s=3193,639,0,0,0,0
s=2733,307,0,0,0,0
s=2733,307,1402,0,0,0
s=2733,307,0,0,0,0
s=3270,332,0,0,0,0
s=3270,332,2445,0,0,0
s=3270,332,0,0,0,0
s=3296,819,0,0,0,0
s=3296,819,1952,0,0,0
s=3296,819,0,0,0,0
s=2938,25,0,0,0,0
s=2938,25,2135,0,0,0
s=2938,25,0,0,0,0
s=2758,358,0,0,0,0
s=2758,358,1416,0,0,0
s=2758,358,0,0,0,0
s=3270,383,0,0,0,0
s=3270,383,2628,0,0,0
s=3270,383,0,0,0,0
s=3193,563,0,0,0,0
s=3193,563,2276,0,0,0
s=3193,563,0,0,0,0
s=3193,102,0,0,0,0
s=3193,102,2135,0,0,0
s=3193,102,0,0,0,0
s=2784,0,0,0,0,0
s=2784,0,1938,0,0,0
s=2784,0,0,0,0,0
s=3142,127,0,0,0,0
s=3142,127,2177,0,0,0
s=3142,127,0,0,0,0
s=3219,409,0,0,0,0
s=3219,409,2600,0,0,0
s=3219,409,0,0,0,0
s=3193,76,0,0,0,0
s=3193,76,2290,0,0,0
s=3193,76,0,0,0,0
s=2810,486,0,0,0,0
s=2810,486,1317,0,0,0
s=2810,486,0,0,0,0
s=2605,307,0,0,0,0
s=2605,307,1261,0,0,0
s=2605,307,0,0,0,0
s=3373,588,0,0,0,0
s=3373,588,4080,0,0,0
s=3373,588,0,0,0,0
s=3245,358,0,0,0,0
s=3245,358,2628,0,0,0
s=3245,358,0,0,0,0
s=2938,307,0,0,0,0
s=2938,307,1613,0,0,0
s=2938,307,0,0,0,0
s=2246,639,0,0,0,0
s=2246,639,1261,0,0,0
s=2246,639,0,0,0,0
s=3373,383,0,0,0,0
s=3373,383,2572,0,0,0
s=3373,383,0,0,0,0
s=3142,25,0,0,0,0
s=3142,25,2501,0,0,0
s=3142,25,0,0,0,0
s=3270,76,0,0,0,0
s=3270,76,2205,0,0,0
s=3270,76,0,0,0,0
s=3117,76,0,0,0,0
s=3117,76,2360,0,0,0
s=3117,76,0,0,0,0
s=3219,972,0,0,0,0
s=3219,972,4080,0,0,0
s=3219,972,0,0,0,0
s=2886,511,0,0,0,0
s=2886,511,1402,0,0,0
s=2886,511,0,0,0,0
s=3296,204,0,0,0,0
s=3296,204,1388,0,0,0
s=3296,204,0,0,0,0
s=3014,153,0,0,0,0
s=3014,153,1980,0,0,0
s=3014,153,0,0,0,0
s=3296,639,0,0,0,0
s=3296,639,1881,0,0,0
s=3296,639,0,0,0,0
s=2374,895,0,0,0,0
s=2374,895,4080,0,0,0
s=2374,895,0,0,0,0
s=2912,358,0,0,0,0
s=2912,358,1543,0,0,0
s=2912,358,0,0,0,0
s=2835,383,0,0,0,0
s=2835,383,1430,0,0,0
s=2835,383,0,0,0,0
s=3245,767,0,0,0,0
s=3245,767,1782,0,0,0
s=3245,767,0,0,0,0
s=2630,127,0,0,0,0
s=2630,127,1543,0,0,0
s=2630,127,0,0,0,0
s=2861,332,0,0,0,0
s=2861,332,1444,0,0,0
s=2861,332,0,0,0,0
s=3193,511,0,0,0,0
s=3193,511,2417,0,0,0
s=3193,511,0,0,0,0
s=3014,435,0,0,0,0
s=3014,435,1670,0,0,0
s=3014,435,0,0,0,0
s=3373,102,0,0,0,0
s=3373,102,2205,0,0,0
s=3373,102,0,0,0,0
s=2630,204,0,0,0,0
s=2630,204,1811,0,0,0
s=2630,204,0,0,0,0
s=2605,153,0,0,0,0
s=2605,153,1712,0,0,0
s=2605,153,0,0,0,0
s=2886,614,0,0,0,0
s=2886,614,1247,0,0,0
s=2886,614,0,0,0,0
s=2835,102,0,0,0,0
s=2835,102,1374,0,0,0
s=2835,102,0,0,0,0
s=2963,383,0,0,0,0
s=2963,383,1529,0,0,0
s=2963,383,0,0,0,0
s=3193,614,0,0,0,0
s=3193,614,1853,0,0,0
s=3193,614,0,0,0,0
s=2707,25,0,0,0,0
s=2707,25,1797,0,0,0
s=2707,25,0,0,0,0
s=3193,793,0,0,0,0
s=3193,793,1529,0,0,0
s=3193,793,0,0,0,0
s=2912,127,0,0,0,0
s=2912,127,1247,0,0,0
s=2912,127,0,0,0,0
s=2886,25,0,0,0,0
s=2886,25,2036,0,0,0
s=2886,25,0,0,0,0
s=2758,409,0,0,0,0
s=2758,409,1275,0,0,0
s=2758,409,0,0,0,0
s=2938,127,0,0,0,0
s=2938,127,1402,0,0,0
s=2938,127,0,0,0,0
s=2707,51,0,0,0,0
s=2707,51,1797,0,0,0
s=2707,51,0,0,0,0
s=2810,76,0,0,0,0
s=2810,76,1811,0,0,0
s=2810,76,0,0,0,0
s=2630,102,0,0,0,0
s=2630,102,1923,0,0,0
s=2630,102,0,0,0,0
s=3117,614,0,0,0,0
s=3117,614,1698,0,0,0
s=3117,614,0,0,0,0
s=3014,51,0,0,0,0
s=3014,51,2234,0,0,0
s=3014,51,0,0,0,0
s=2784,1023,0,0,0,0
s=2784,1023,3249,0,0,0
s=2784,1023,0,0,0,0
s=2707,588,0,0,0,0
s=2707,588,1261,0,0,0
s=2707,588,0,0,0,0
s=3091,25,0,0,0,0
s=3091,25,2318,0,0,0
s=3091,25,0,0,0,0
s=2195,153,0,0,0,0
s=2195,153,4080,0,0,0
s=2195,153,0,0,0,0
s=3142,716,0,0,0,0
s=3142,716,1345,0,0,0
s=3142,716,0,0,0,0
s=3270,844,0,0,0,0
s=3270,844,1613,0,0,0
s=3270,844,0,0,0,0
s=2733,51,0,0,0,0
s=2733,51,1952,0,0,0
s=2733,51,0,0,0,0
s=2989,537,0,0,0,0
s=2989,537,1529,0,0,0
s=2989,537,0,0,0,0
s=2579,588,0,0,0,0
s=2579,588,1303,0,0,0
s=2579,588,0,0,0,0
s=2502,51,0,0,0,0
s=2502,51,1317,0,0,0
s=2502,51,0,0,0,0
s=2733,281,0,0,0,0
s=2733,281,1458,0,0,0
s=2733,281,0,0,0,0
s=2886,537,0,0,0,0
s=2886,537,1416,0,0,0
s=2886,537,0,0,0,0
s=2989,614,0,0,0,0
s=2989,614,1359,0,0,0
s=2989,614,0,0,0,0
s=2810,435,0,0,0,0
s=2810,435,1345,0,0,0
s=2810,435,0,0,0,0
s=3296,665,0,0,0,0
s=3296,665,1881,0,0,0
s=3296,665,0,0,0,0
s=2528,25,0,0,0,0
s=2528,25,1627,0,0,0
s=2528,25,0,0,0,0
s=2758,435,0,0,0,0
s=2758,435,1261,0,0,0
s=2758,435,0,0,0,0
s=3347,895,0,0,0,0
s=3347,895,4080,0,0,0
s=3347,895,0,0,0,0
s=3270,127,0,0,0,0
s=3270,127,1952,0,0,0
s=3270,127,0,0,0,0
s=3168,844,0,0,0,0
s=3168,844,1247,0,0,0
s=3168,844,0,0,0,0
s=3193,307,0,0,0,0
s=3193,307,2318,0,0,0
s=3193,307,0,0,0,0
s=2707,511,0,0,0,0
s=2707,511,1233,0,0,0
s=2707,511,0,0,0,0
s=2989,486,0,0,0,0
s=2989,486,1515,0,0,0
s=2989,486,0,0,0,0
s=3193,486,0,0,0,0
s=3193,486,2459,0,0,0
s=3193,486,0,0,0,0
s=2758,51,0,0,0,0
s=2758,51,1909,0,0,0
s=2758,51,0,0,0,0
s=3040,0,0,0,0,0
s=3040,0,2219,0,0,0
s=3040,0,0,0,0,0
s=3193,409,0,0,0,0
s=3193,409,2459,0,0,0
s=3193,409,0,0,0,0
s=3398,0,0,0,0,0
s=3398,0,2078,0,0,0
s=3398,0,0,0,0,0
s=2272,819,0,0,0,0
s=2272,819,4080,0,0,0
s=2272,819,0,0,0,0
s=2784,307,0,0,0,0
s=2784,307,1571,0,0,0
s=2784,307,0,0,0,0
s=2579,127,0,0,0,0
s=2579,127,1782,0,0,0
s=2579,127,0,0,0,0
s=3117,255,0,0,0,0
s=3117,255,1966,0,0,0
s=3117,255,0,0,0,0
s=2810,614,0,0,0,0
s=2810,614,1331,0,0,0
s=2810,614,0,0,0,0
s=3373,179,0,0,0,0
s=3373,179,2262,0,0,0
s=3373,179,0,0,0,0
s=2554,153,0,0,0,0
s=2554,153,1656,0,0,0
s=2554,153,0,0,0,0
s=3449,281,0,0,0,0
s=3449,281,4080,0,0,0
s=3449,281,0,0,0,0
s=2579,76,0,0,0,0
s=2579,76,2050,0,0,0
s=2579,76,0,0,0,0
s=2784,358,0,0,0,0
s=2784,358,1416,0,0,0
s=2784,358,0,0,0,0
s=2861,614,0,0,0,0
s=2861,614,1261,0,0,0
s=2861,614,0,0,0,0
s=3347,307,0,0,0,0
s=3347,307,1740,0,0,0
s=3347,307,0,0,0,0
s=3142,691,0,0,0,0
s=3142,691,1261,0,0,0
s=3142,691,0,0,0,0
s=3321,614,0,0,0,0
s=3321,614,2219,0,0,0
s=3321,614,0,0,0,0
s=3296,844,0,0,0,0
s=3296,844,1656,0,0,0
s=3296,844,0,0,0,0
s=2963,127,0,0,0,0
s=2963,127,1613,0,0,0
s=2963,127,0,0,0,0
s=3373,819,0,0,0,0
s=3373,819,4080,0,0,0
s=3373,819,0,0,0,0
s=3193,255,0,0,0,0
s=3193,255,1825,0,0,0
s=3193,255,0,0,0,0
s=2682,179,0,0,0,0
s=2682,179,1909,0,0,0
s=2682,179,0,0,0,0
s=2784,127,0,0,0,0
s=2784,127,1712,0,0,0
s=2784,127,0,0,0,0
s=2195,307,0,0,0,0
s=2195,307,2107,0,0,0
s=2195,307,0,0,0,0
s=3091,588,0,0,0,0
s=3091,588,1684,0,0,0
s=3091,588,0,0,0,0
s=2835,460,0,0,0,0
s=2835,460,1388,0,0,0
s=2835,460,0,0,0,0
s=3142,153,0,0,0,0
s=3142,153,2177,0,0,0
s=3142,153,0,0,0,0
s=3270,460,0,0,0,0
s=3270,460,2685,0,0,0
s=3270,460,0,0,0,0
s=3245,127,0,0,0,0
s=3245,127,2248,0,0,0
s=3245,127,0,0,0,0
s=2630,0,0,0,0,0
s=2630,0,1782,0,0,0
s=2630,0,0,0,0,0
s=3168,563,0,0,0,0
s=3168,563,2248,0,0,0
s=3168,563,0,0,0,0
s=3219,537,0,0,0,0
s=3219,537,2445,0,0,0
s=3219,537,0,0,0,0
s=3142,639,0,0,0,0
s=3142,639,1430,0,0,0
s=3142,639,0,0,0,0
s=2733,563,0,0,0,0
s=2733,563,1289,0,0,0
s=2733,563,0,0,0,0
s=2963,307,0,0,0,0
s=2963,307,1599,0,0,0
s=2963,307,0,0,0,0
s=3398,102,0,0,0,0
s=3398,102,2163,0,0,0
s=3398,102,0,0,0,0
f=1
e=0