r=1000
e=1
s=1546,588,0,0,0,0
s=1546,588,3531,0,0,0
s=1546,588,0,0,0,0
s=1546,563,0,0,0,0
s=1546,563,1219,0,0,0
s=1546,563,0,0,0,0
s=1572,767,0,0,0,0
s=1572,767,2868,0,0,0
s=1572,767,0,0,0,0
s=2238,614,0,0,0,0
s=2238,614,1261,0,0,0
s=2238,614,0,0,0,0
s=2365,0,0,0,0,0
s=2365,0,2234,0,0,0
s=2365,0,0,0,0,0
s=2570,460,0,0,0,0
s=2570,460,2628,0,0,0
s=2570,460,0,0,0,0
s=2468,153,0,0,0,0
s=2468,153,1698,0,0,0
s=2468,153,0,0,0,0
s=2084,307,0,0,0,0
s=2084,307,1472,0,0,0
s=2084,307,0,0,0,0
s=2110,998,0,0,0,0
s=2110,998,1613,0,0,0
s=2110,998,0,0,0,0
s=1521,588,0,0,0,0
s=1521,588,4080,0,0,0
s=1521,588,0,0,0,0
s=2391,435,0,0,0,0
s=2391,435,1909,0,0,0
s=2391,435,0,0,0,0
s=2058,614,0,0,0,0
s=2058,614,1233,0,0,0
s=2058,614,0,0,0,0
s=2058,204,0,0,0,0
s=2058,204,1247,0,0,0
s=2058,204,0,0,0,0
s=1777,153,0,0,0,0
s=1777,153,1331,0,0,0
s=1777,153,0,0,0,0
s=2084,563,0,0,0,0
s=2084,563,1317,0,0,0
s=2084,563,0,0,0,0
s=2442,716,0,0,0,0
s=2442,716,1359,0,0,0
s=2442,716,0,0,0,0
s=2545,819,0,0,0,0
s=2545,819,1952,0,0,0
s=2545,819,0,0,0,0
s=2468,742,0,0,0,0
s=2468,742,1557,0,0,0
s=2468,742,0,0,0,0
s=2033,588,0,0,0,0
s=2033,588,1261,0,0,0
s=2033,588,0,0,0,0
s=1956,537,0,0,0,0
s=1956,537,1247,0,0,0
s=1956,537,0,0,0,0
s=2135,614,0,0,0,0
s=2135,614,1261,0,0,0
s=2135,614,0,0,0,0
s=1905,614,0,0,0,0
s=1905,614,1233,0,0,0
s=1905,614,0,0,0,0
s=2186,486,0,0,0,0
s=2186,486,1486,0,0,0
s=2186,486,0,0,0,0
s=1905,255,0,0,0,0
s=1905,255,1219,0,0,0
s=1905,255,0,0,0,0
s=2468,230,0,0,0,0
s=2468,230,1374,0,0,0
s=2468,230,0,0,0,0
s=2417,691,0,0,0,0
s=2417,691,1275,0,0,0
s=2417,691,0,0,0,0
s=2519,767,0,0,0,0
s=2519,767,1599,0,0,0
s=2519,767,0,0,0,0
s=1982,255,0,0,0,0
s=1982,255,1331,0,0,0
s=1982,255,0,0,0,0
s=2570,409,0,0,0,0
s=2570,409,2586,0,0,0
s=2570,409,0,0,0,0
s=1572,716,0,0,0,0
s=1572,716,1303,0,0,0
s=1572,716,0,0,0,0
s=2058,998,0,0,0,0
s=2058,998,4080,0,0,0
s=2058,998,0,0,0,0
s=2391,281,0,0,0,0
s=2391,281,2135,0,0,0
s=2391,281,0,0,0,0
s=2596,230,0,0,0,0
s=2596,230,1571,0,0,0
s=2596,230,0,0,0,0
s=2621,358,0,0,0,0
s=2621,358,2572,0,0,0
s=2621,358,0,0,0,0
s=2058,51,0,0,0,0
s=2058,51,1839,0,0,0
s=2058,51,0,0,0,0
s=2545,153,0,0,0,0
s=2545,153,1515,0,0,0
s=2545,153,0,0,0,0
s=2545,588,0,0,0,0
s=2545,588,2234,0,0,0
s=2545,588,0,0,0,0
s=2033,127,0,0,0,0
s=2033,127,1684,0,0,0
s=2033,127,0,0,0,0
s=2161,563,0,0,0,0
s=2161,563,1331,0,0,0
s=2161,563,0,0,0,0
s=2084,358,0,0,0,0
s=2084,358,1500,0,0,0
s=2084,358,0,0,0,0
s=2238,1049,0,0,0,0
s=2238,1049,4080,0,0,0
s=2238,1049,0,0,0,0
s=1802,179,0,0,0,0
s=1802,179,1613,0,0,0
s=1802,179,0,0,0,0
s=1777,0,0,0,0,0
s=1777,0,1345,0,0,0
s=1777,0,0,0,0,0
s=2647,281,0,0,0,0
s=2647,281,1317,0,0,0
s=2647,281,0,0,0,0
s=2186,51,0,0,0,0
s=2186,51,1980,0,0,0
s=2186,51,0,0,0,0
s=2596,665,0,0,0,0
s=2596,665,1472,0,0,0
s=2596,665,0,0,0,0
s=2391,0,0,0,0,0
s=2391,0,2290,0,0,0
s=2391,0,0,0,0,0
s=2621,25,0,0,0,0
s=2621,25,2191,0,0,0
s=2621,25,0,0,0,0
s=1495,204,0,0,0,0
s=1495,204,4080,0,0,0
s=1495,204,0,0,0,0
s=2007,972,0,0,0,0
s=2007,972,3249,0,0,0
s=2007,972,0,0,0,0
s=1521,639,0,0,0,0
s=1521,639,4080,0,0,0
s=1521,639,0,0,0,0
s=2570,332,0,0,0,0
s=2570,332,2276,0,0,0
s=2570,332,0,0,0,0
s=1930,332,0,0,0,0
s=1930,332,1233,0,0,0
s=1930,332,0,0,0,0
s=2365,435,0,0,0,0
s=2365,435,1698,0,0,0
s=2365,435,0,0,0,0
s=2033,25,0,0,0,0
s=2033,25,1867,0,0,0
s=2033,25,0,0,0,0
s=2493,793,0,0,0,0
s=2493,793,1515,0,0,0
s=2493,793,0,0,0,0
s=2749,179,0,0,0,0
s=2749,179,4080,0,0,0
s=2749,179,0,0,0,0
s=1982,281,0,0,0,0
s=1982,281,1374,0,0,0
s=1982,281,0,0,0,0
s=2161,281,0,0,0,0
s=2161,281,1430,0,0,0
s=2161,281,0,0,0,0
s=1521,127,0,0,0,0
s=1521,127,4052,0,0,0
s=1521,127,0,0,0,0
s=2724,25,0,0,0,0
s=2724,25,2149,0,0,0
s=2724,25,0,0,0,0
s=2519,0,0,0,0,0
s=2519,0,2276,0,0,0
s=2519,0,0,0,0,0
s=2596,844,0,0,0,0
s=2596,844,2501,0,0,0
s=2596,844,0,0,0,0
s=2161,409,0,0,0,0
s=2161,409,1458,0,0,0
s=2161,409,0,0,0,0
s=2263,588,0,0,0,0
s=2263,588,1416,0,0,0
s=2263,588,0,0,0,0
s=2058,486,0,0,0,0
s=2058,486,1317,0,0,0
s=2058,486,0,0,0,0
s=2289,614,0,0,0,0
s=2289,614,1430,0,0,0
s=2289,614,0,0,0,0
s=2468,460,0,0,0,0
s=2468,460,2389,0,0,0
s=2468,460,0,0,0,0
s=2468,844,0,0,0,0
s=2468,844,1233,0,0,0
s=2468,844,0,0,0,0
s=1521,230,0,0,0,0
s=1521,230,2501,0,0,0
s=1521,230,0,0,0,0
s=2417,563,0,0,0,0
s=2417,563,2107,0,0,0
s=2417,563,0,0,0,0
s=1930,511,0,0,0,0
s=1930,511,1233,0,0,0
s=1930,511,0,0,0,0
s=2340,358,0,0,0,0
s=2340,358,1867,0,0,0
s=2340,358,0,0,0,0
s=1828,127,0,0,0,0
s=1828,127,1571,0,0,0
s=1828,127,0,0,0,0
s=1495,281,0,0,0,0
s=1495,281,4066,0,0,0
s=1495,281,0,0,0,0
s=2545,51,0,0,0,0
s=2545,51,2163,0,0,0
s=2545,51,0,0,0,0
s=2212,332,0,0,0,0
s=2212,332,1486,0,0,0
s=2212,332,0,0,0,0
s=2570,486,0,0,0,0
s=2570,486,2614,0,0,0
s=2570,486,0,0,0,0
s=2417,537,0,0,0,0
s=2417,537,2149,0,0,0
s=2417,537,0,0,0,0
s=2647,716,0,0,0,0
s=2647,716,4080,0,0,0
s=2647,716,0,0,0,0
s=2442,76,0,0,0,0
s=2442,76,2107,0,0,0
s=2442,76,0,0,0,0
s=2314,639,0,0,0,0
s=2314,639,1233,0,0,0
s=2314,639,0,0,0,0
s=1828,51,0,0,0,0
s=1828,51,1938,0,0,0
s=1828,51,0,0,0,0
s=2570,742,0,0,0,0
s=2570,742,1726,0,0,0
s=2570,742,0,0,0,0
s=2263,1049,0,0,0,0
s=2263,1049,4080,0,0,0
s=2263,1049,0,0,0,0
s=2468,127,0,0,0,0
s=2468,127,1867,0,0,0
s=2468,127,0,0,0,0
s=1905,25,0,0,0,0
s=1905,25,1825,0,0,0
s=1905,25,0,0,0,0
s=1854,614,0,0,0,0
s=1854,614,1261,0,0,0
s=1854,614,0,0,0,0
s=2417,460,0,0,0,0
s=2417,460,2093,0,0,0
s=2417,460,0,0,0,0
s=2545,127,0,0,0,0
s=2545,127,2205,0,0,0
s=2545,127,0,0,0,0
s=2621,255,0,0,0,0
s=2621,255,1627,0,0,0
s=2621,255,0,0,0,0
s=2596,614,0,0,0,0
s=2596,614,2036,0,0,0
s=2596,614,0,0,0,0
s=2493,409,0,0,0,0
s=2493,409,2501,0,0,0
s=2493,409,0,0,0,0
s=1956,665,0,0,0,0
s=1956,665,1247,0,0,0
s=1956,665,0,0,0,0
s=2519,563,0,0,0,0
s=2519,563,2375,0,0,0
s=2519,563,0,0,0,0
s=2110,588,0,0,0,0
s=2110,588,1331,0,0,0
s=2110,588,0,0,0,0
s=2570,435,0,0,0,0
s=2570,435,2614,0,0,0
s=2570,435,0,0,0,0
s=2519,691,0,0,0,0
s=2519,691,1374,0,0,0
s=2519,691,0,0,0,0
s=1956,563,0,0,0,0
s=1956,563,1261,0,0,0
s=1956,563,0,0,0,0
s=2724,332,0,0,0,0
s=2724,332,2516,0,0,0
s=2724,332,0,0,0,0
s=2468,972,0,0,0,0
s=2468,972,4080,0,0,0
s=2468,972,0,0,0,0
s=2621,486,0,0,0,0
s=2621,486,2530,0,0,0
s=2621,486,0,0,0,0
s=2212,102,0,0,0,0
s=2212,102,1656,0,0,0
s=2212,102,0,0,0,0
s=2365,332,0,0,0,0
s=2365,332,2163,0,0,0
s=2365,332,0,0,0,0
s=2519,25,0,0,0,0
s=2519,25,2332,0,0,0
s=2519,25,0,0,0,0
s=2238,281,0,0,0,0
s=2238,281,1811,0,0,0
s=2238,281,0,0,0,0
s=2340,537,0,0,0,0
s=2340,537,1726,0,0,0
s=2340,537,0,0,0,0
s=2417,25,0,0,0,0
s=2417,25,2346,0,0,0
s=2417,25,0,0,0,0
s=2135,409,0,0,0,0
s=2135,409,1430,0,0,0
s=2135,409,0,0,0,0
s=2135,307,0,0,0,0
s=2135,307,1571,0,0,0
s=2135,307,0,0,0,0
s=1982,307,0,0,0,0
s=1982,307,1388,0,0,0
s=1982,307,0,0,0,0
s=2570,230,0,0,0,0
s=2570,230,2050,0,0,0
s=2570,230,0,0,0,0
s=1879,102,0,0,0,0
s=1879,102,1853,0,0,0
s=1879,102,0,0,0,0
s=2186,102,0,0,0,0
s=2186,102,1416,0,0,0
s=2186,102,0,0,0,0
s=2263,383,0,0,0,0
s=2263,383,1486,0,0,0
s=2263,383,0,0,0,0
s=2519,255,0,0,0,0
s=2519,255,1909,0,0,0
s=2519,255,0,0,0,0
s=1930,972,0,0,0,0
s=1930,972,4080,0,0,0
s=1930,972,0,0,0,0
s=2545,870,0,0,0,0
s=2545,870,1444,0,0,0
s=2545,870,0,0,0,0
s=2007,460,0,0,0,0
s=2007,460,1247,0,0,0
s=2007,460,0,0,0,0
s=1521,332,0,0,0,0
s=1521,332,1219,0,0,0
s=1521,332,0,0,0,0
s=2135,383,0,0,0,0
s=2135,383,1458,0,0,0
s=2135,383,0,0,0,0
s=2724,255,0,0,0,0
s=2724,255,2600,0,0,0
s=2724,255,0,0,0,0
s=2545,307,0,0,0,0
s=2545,307,2064,0,0,0
s=2545,307,0,0,0,0
s=2135,1023,0,0,0,0
s=2135,1023,4080,0,0,0
s=2135,1023,0,0,0,0
s=2058,588,0,0,0,0
s=2058,588,1275,0,0,0
s=2058,588,0,0,0,0
s=2519,716,0,0,0,0
s=2519,716,1726,0,0,0
s=2519,716,0,0,0,0
s=1956,0,0,0,0,0
s=1956,0,1359,0,0,0
s=1956,0,0,0,0,0
s=1546,691,0,0,0,0
s=1546,691,1247,0,0,0
s=1546,691,0,0,0,0
s=2084,409,0,0,0,0
s=2084,409,1430,0,0,0
s=2084,409,0,0,0,0
s=1546,742,0,0,0,0
s=1546,742,4080,0,0,0
s=1546,742,0,0,0,0
s=2084,588,0,0,0,0
s=2084,588,1331,0,0,0
s=2084,588,0,0,0,0
s=1854,0,0,0,0,0
s=1854,0,1754,0,0,0
s=1854,0,0,0,0,0
s=2263,127,0,0,0,0
s=2263,127,1980,0,0,0
s=2263,127,0,0,0,0
s=2212,0,0,0,0,0
s=2212,0,2121,0,0,0
s=2212,0,0,0,0,0
s=2647,102,0,0,0,0
s=2647,102,1740,0,0,0
s=2647,102,0,0,0,0
s=2698,102,0,0,0,0
s=2698,102,1909,0,0,0
s=2698,102,0,0,0,0
s=1700,921,0,0,0,0
s=1700,921,4080,0,0,0
s=1700,921,0,0,0,0
s=2647,588,0,0,0,0
s=2647,588,2558,0,0,0
s=2647,588,0,0,0,0
s=2417,76,0,0,0,0
s=2417,76,2121,0,0,0
s=2417,76,0,0,0,0
s=2289,563,0,0,0,0
s=2289,563,1500,0,0,0
s=2289,563,0,0,0,0
s=2033,358,0,0,0,0
s=2033,358,1416,0,0,0
s=2033,358,0,0,0,0
s=2596,383,0,0,0,0
s=2596,383,2628,0,0,0
s=2596,383,0,0,0,0
s=2135,486,0,0,0,0
s=2135,486,1444,0,0,0
s=2135,486,0,0,0,0
s=2365,409,0,0,0,0
s=2365,409,1712,0,0,0
s=2365,409,0,0,0,0
s=2391,1023,0,0,0,0
s=2391,1023,4080,0,0,0
s=2391,1023,0,0,0,0
s=2417,307,0,0,0,0
s=2417,307,2149,0,0,0
s=2417,307,0,0,0,0
s=2519,946,0,0,0,0
s=2519,946,4080,0,0,0
s=2519,946,0,0,0,0
s=2212,307,0,0,0,0
s=2212,307,1486,0,0,0
s=2212,307,0,0,0,0
s=2135,358,0,0,0,0
s=2135,358,1500,0,0,0
s=2135,358,0,0,0,0
s=1956,614,0,0,0,0
s=1956,614,1359,0,0,0
s=1956,614,0,0,0,0
s=1598,819,0,0,0,0
s=1598,819,3277,0,0,0
s=1598,819,0,0,0,0
s=2186,383,0,0,0,0
s=2186,383,1515,0,0,0
s=2186,383,0,0,0,0
s=1546,614,0,0,0,0
s=1546,614,4080,0,0,0
s=1546,614,0,0,0,0
s=2289,332,0,0,0,0
s=2289,332,1980,0,0,0
s=2289,332,0,0,0,0
s=2365,153,0,0,0,0
s=2365,153,1881,0,0,0
s=2365,153,0,0,0,0
s=2314,460,0,0,0,0
s=2314,460,1529,0,0,0
s=2314,460,0,0,0,0
s=2673,281,0,0,0,0
s=2673,281,1515,0,0,0
s=2673,281,0,0,0,0
s=2724,230,0,0,0,0
s=2724,230,3390,0,0,0
s=2724,230,0,0,0,0
s=2391,511,0,0,0,0
s=2391,511,1923,0,0,0
s=2391,511,0,0,0,0
s=2673,511,0,0,0,0
s=2673,511,4052,0,0,0
s=2673,511,0,0,0,0
s=2110,511,0,0,0,0
s=2110,511,1345,0,0,0
s=2110,511,0,0,0,0
s=2263,281,0,0,0,0
s=2263,281,2093,0,0,0
s=2263,281,0,0,0,0
s=2110,255,0,0,0,0
s=2110,255,1233,0,0,0
s=2110,255,0,0,0,0
s=2468,767,0,0,0,0
s=2468,767,1627,0,0,0
s=2468,767,0,0,0,0
s=2007,25,0,0,0,0
s=2007,25,1980,0,0,0
s=2007,25,0,0,0,0
s=1982,153,0,0,0,0
s=1982,153,1698,0,0,0
s=1982,153,0,0,0,0
s=1521,0,0,0,0,0
s=1521,0,1500,0,0,0
s=1521,0,0,0,0,0
s=1956,127,0,0,0,0
s=1956,127,1698,0,0,0
s=1956,127,0,0,0,0
s=1982,511,0,0,0,0
s=1982,511,1303,0,0,0
s=1982,511,0,0,0,0
s=2314,614,0,0,0,0
s=2314,614,1515,0,0,0
s=2314,614,0,0,0,0
s=2698,51,0,0,0,0
s=2698,51,2177,0,0,0
s=2698,51,0,0,0,0
s=1956,153,0,0,0,0
s=1956,153,1867,0,0,0
s=1956,153,0,0,0,0
s=2058,563,0,0,0,0
s=2058,563,1247,0,0,0
s=2058,563,0,0,0,0
s=1802,946,0,0,0,0
s=1802,946,4080,0,0,0
s=1802,946,0,0,0,0
s=2161,588,0,0,0,0
s=2161,588,1331,0,0,0
s=2161,588,0,0,0,0
s=2468,409,0,0,0,0
s=2468,409,2389,0,0,0
s=2468,409,0,0,0,0
s=2135,0,0,0,0,0
s=2135,0,2008,0,0,0
s=2135,0,0,0,0,0
s=2519,460,0,0,0,0
s=2519,460,2544,0,0,0
s=2519,460,0,0,0,0
s=2519,844,0,0,0,0
s=2519,844,1331,0,0,0
s=2519,844,0,0,0,0
s=2596,486,0,0,0,0
s=2596,486,2614,0,0,0
s=2596,486,0,0,0,0
s=2110,563,0,0,0,0
s=2110,563,1331,0,0,0
s=2110,563,0,0,0,0
s=2442,793,0,0,0,0
s=2442,793,1289,0,0,0
s=2442,793,0,0,0,0
s=2545,76,0,0,0,0
s=2545,76,2248,0,0,0
s=2545,76,0,0,0,0
s=2033,383,0,0,0,0
s=2033,383,1402,0,0,0
s=2033,383,0,0,0,0
s=2442,742,0,0,0,0
s=2442,742,1613,0,0,0
s=2442,742,0,0,0,0
s=2084,25,0,0,0,0
s=2084,25,1811,0,0,0
s=2084,25,0,0,0,0
s=2621,307,0,0,0,0
s=2621,307,1881,0,0,0
s=2621,307,0,0,0,0
s=2493,460,0,0,0,0
s=2493,460,2445,0,0,0
s=2493,460,0,0,0,0
s=2340,383,0,0,0,0
s=2340,383,1641,0,0,0
s=2340,383,0,0,0,0
s=2186,537,0,0,0,0
s=2186,537,1374,0,0,0
s=2186,537,0,0,0,0
s=2161,383,0,0,0,0
s=2161,383,1430,0,0,0
s=2161,383,0,0,0,0
s=2519,819,0,0,0,0
s=2519,819,1416,0,0,0
s=2519,819,0,0,0,0
s=1546,844,0,0,0,0
s=1546,844,4080,0,0,0
s=1546,844,0,0,0,0
s=2621,409,0,0,0,0
s=2621,409,2544,0,0,0
s=2621,409,0,0,0,0
s=2238,51,0,0,0,0
s=2238,51,2078,0,0,0
s=2238,51,0,0,0,0
s=2007,614,0,0,0,0
s=2007,614,1303,0,0,0
s=2007,614,0,0,0,0
s=2647,563,0,0,0,0
s=2647,563,3657,0,0,0
s=2647,563,0,0,0,0
s=1546,767,0,0,0,0
s=1546,767,4080,0,0,0
s=1546,767,0,0,0,0
s=2493,844,0,0,0,0
s=2493,844,1261,0,0,0
s=2493,844,0,0,0,0
s=2033,153,0,0,0,0
s=2033,153,1529,0,0,0
s=2033,153,0,0,0,0
s=1982,102,0,0,0,0
s=1982,102,1670,0,0,0
s=1982,102,0,0,0,0
s=2519,614,0,0,0,0
s=2519,614,1923,0,0,0
s=2519,614,0,0,0,0
s=1854,102,0,0,0,0
s=1854,102,1994,0,0,0
s=1854,102,0,0,0,0
s=1521,307,0,0,0,0
s=1521,307,1472,0,0,0
s=1521,307,0,0,0,0
s=2007,76,0,0,0,0
s=2007,76,1726,0,0,0
s=2007,76,0,0,0,0
s=2365,25,0,0,0,0
s=2365,25,2234,0,0,0
s=2365,25,0,0,0,0
s=1854,179,0,0,0,0
s=1854,179,1966,0,0,0
s=1854,179,0,0,0,0
s=1572,639,0,0,0,0
s=1572,639,1317,0,0,0
s=1572,639,0,0,0,0
s=2186,511,0,0,0,0
s=2186,511,1416,0,0,0
s=2186,511,0,0,0,0
s=2340,460,0,0,0,0
s=2340,460,1627,0,0,0
s=2340,460,0,0,0,0
s=1982,76,0,0,0,0
s=1982,76,1712,0,0,0
s=1982,76,0,0,0,0
s=1802,25,0,0,0,0
s=1802,25,1515,0,0,0
s=1802,25,0,0,0,0
s=2135,563,0,0,0,0
s=2135,563,1317,0,0,0
s=2135,563,0,0,0,0
s=2493,127,0,0,0,0
s=2493,127,1825,0,0,0
s=2493,127,0,0,0,0
s=1521,614,0,0,0,0
s=1521,614,4080,0,0,0
s=1521,614,0,0,0,0
s=1828,204,0,0,0,0
s=1828,204,1430,0,0,0
s=1828,204,0,0,0,0
s=1982,435,0,0,0,0
s=1982,435,1233,0,0,0
s=1982,435,0,0,0,0
s=2519,76,0,0,0,0
s=2519,76,2219,0,0,0
s=2519,76,0,0,0,0
s=1495,793,0,0,0,0
s=1495,793,4080,0,0,0
s=1495,793,0,0,0,0
s=2365,614,0,0,0,0
s=2365,614,1585,0,0,0
s=2365,614,0,0,0,0
s=2058,255,0,0,0,0
s=2058,255,1219,0,0,0
s=2058,255,0,0,0,0
s=2084,332,0,0,0,0
s=2084,332,1515,0,0,0
s=2084,332,0,0,0,0
s=2724,0,0,0,0,0
s=2724,0,2022,0,0,0
s=2724,0,0,0,0,0
s=1854,51,0,0,0,0
s=1854,51,1613,0,0,0
s=1854,51,0,0,0,0
s=2110,307,0,0,0,0
s=2110,307,1500,0,0,0
s=2110,307,0,0,0,0
s=2084,0,0,0,0,0
s=2084,0,1909,0,0,0
s=2084,0,0,0,0,0
s=2084,204,0,0,0,0
s=2084,204,1486,0,0,0
s=2084,204,0,0,0,0
s=1930,127,0,0,0,0
s=1930,127,1500,0,0,0
s=1930,127,0,0,0,0
s=1470,358,0,0,0,0
s=1470,358,4066,0,0,0
s=1470,358,0,0,0,0
s=2263,25,0,0,0,0
s=2263,25,2121,0,0,0
s=2263,25,0,0,0,0
s=2519,383,0,0,0,0
s=2519,383,2558,0,0,0
s=2519,383,0,0,0,0
s=2493,383,0,0,0,0
s=2493,383,2459,0,0,0
s=2493,383,0,0,0,0
s=2673,639,0,0,0,0
s=2673,639,4080,0,0,0
s=2673,639,0,0,0,0
s=2186,281,0,0,0,0
s=2186,281,1458,0,0,0
s=2186,281,0,0,0,0
s=1905,358,0,0,0,0
s=1905,358,1261,0,0,0
s=1905,358,0,0,0,0
s=2698,204,0,0,0,0
s=2698,204,1458,0,0,0
s=2698,204,0,0,0,0
s=2545,179,0,0,0,0
s=2545,179,1374,0,0,0
s=2545,179,0,0,0,0
s=2263,307,0,0,0,0
s=2263,307,2078,0,0,0
s=2263,307,0,0,0,0
s=2596,409,0,0,0,0
s=2596,409,2558,0,0,0
s=2596,409,0,0,0,0
s=2110,332,0,0,0,0
s=2110,332,1416,0,0,0
s=2110,332,0,0,0,0
s=2468,102,0,0,0,0
s=2468,102,1966,0,0,0
s=2468,102,0,0,0,0
s=2314,486,0,0,0,0
s=2314,486,1585,0,0,0
s=2314,486,0,0,0,0
s=2365,639,0,0,0,0
s=2365,639,1247,0,0,0
s=2365,639,0,0,0,0
s=2058,435,0,0,0,0
s=2058,435,1261,0,0,0
s=2058,435,0,0,0,0
s=2186,332,0,0,0,0
s=2186,332,1529,0,0,0
s=2186,332,0,0,0,0
s=2621,281,0,0,0,0
s=2621,281,1500,0,0,0
s=2621,281,0,0,0,0
s=2545,716,0,0,0,0
s=2545,716,1247,0,0,0
s=2545,716,0,0,0,0
s=2314,102,0,0,0,0
s=2314,102,2191,0,0,0
s=2314,102,0,0,0,0
s=2007,332,0,0,0,0
s=2007,332,1359,0,0,0
s=2007,332,0,0,0,0
s=2570,102,0,0,0,0
s=2570,102,1782,0,0,0
s=2570,102,0,0,0,0
s=2596,639,0,0,0,0
s=2596,639,1923,0,0,0
s=2596,639,0,0,0,0
s=2058,179,0,0,0,0
s=2058,179,1754,0,0,0
s=2058,179,0,0,0,0
s=1828,0,0,0,0,0
s=1828,0,1923,0,0,0
s=1828,0,0,0,0,0
s=2647,51,0,0,0,0
s=2647,51,1867,0,0,0
s=2647,51,0,0,0,0
s=2468,691,0,0,0,0
s=2468,691,1472,0,0,0
s=2468,691,0,0,0,0
s=2314,127,0,0,0,0
s=2314,127,2050,0,0,0
s=2314,127,0,0,0,0
s=2058,76,0,0,0,0
s=2058,76,1782,0,0,0
s=2058,76,0,0,0,0
s=2391,639,0,0,0,0
s=2391,639,1247,0,0,0
s=2391,639,0,0,0,0
s=2263,435,0,0,0,0
s=2263,435,1627,0,0,0
s=2263,435,0,0,0,0
s=2135,511,0,0,0,0
s=2135,511,1388,0,0,0
s=2135,511,0,0,0,0
s=1982,537,0,0,0,0
s=1982,537,1289,0,0,0
s=1982,537,0,0,0,0
s=2493,537,0,0,0,0
s=2493,537,2389,0,0,0
s=2493,537,0,0,0,0
s=2263,486,0,0,0,0
s=2263,486,1486,0,0,0
s=2263,486,0,0,0,0
s=2570,511,0,0,0,0
s=2570,511,2586,0,0,0
s=2570,511,0,0,0,0
s=1521,435,0,0,0,0
s=1521,435,1233,0,0,0
s=1521,435,0,0,0,0
s=1802,0,0,0,0,0
s=1802,0,1515,0,0,0
s=1802,0,0,0,0,0
s=2545,511,0,0,0,0
s=2545,511,2530,0,0,0
s=2545,511,0,0,0,0
s=1777,921,0,0,0,0
s=1777,921,3249,0,0,0
s=1777,921,0,0,0,0
s=2493,486,0,0,0,0
s=2493,486,2431,0,0,0
s=2493,486,0,0,0,0
s=2161,537,0,0,0,0
s=2161,537,1444,0,0,0
s=2161,537,0,0,0,0
s=2596,255,0,0,0,0
s=2596,255,1952,0,0,0
s=2596,255,0,0,0,0
s=2621,793,0,0,0,0
s=2621,793,4052,0,0,0
s=2621,793,0,0,0,0
s=2289,0,0,0,0,0
s=2289,0,2121,0,0,0
s=2289,0,0,0,0,0
s=2186,307,0,0,0,0
s=2186,307,1571,0,0,0
s=2186,307,0,0,0,0
s=1905,153,0,0,0,0
s=1905,153,1444,0,0,0
s=1905,153,0,0,0,0
s=1982,639,0,0,0,0
s=1982,639,1345,0,0,0
s=1982,639,0,0,0,0
s=2519,921,0,0,0,0
s=2519,921,1515,0,0,0
s=2519,921,0,0,0,0
s=2212,76,0,0,0,0
s=2212,76,1825,0,0,0
s=2212,76,0,0,0,0
s=2365,588,0,0,0,0
s=2365,588,1726,0,0,0
s=2365,588,0,0,0,0
s=2493,51,0,0,0,0
s=2493,51,2262,0,0,0
s=2493,51,0,0,0,0
s=2391,255,0,0,0,0
s=2391,255,2022,0,0,0
s=2391,255,0,0,0,0
s=2519,153,0,0,0,0
s=2519,153,1585,0,0,0
s=2519,153,0,0,0,0
s=2570,281,0,0,0,0
s=2570,281,2050,0,0,0
s=2570,281,0,0,0,0
s=2493,819,0,0,0,0
s=2493,819,2036,0,0,0
s=2493,819,0,0,0,0
s=2545,486,0,0,0,0
s=2545,486,2558,0,0,0
s=2545,486,0,0,0,0
s=2263,537,0,0,0,0
s=2263,537,1458,0,0,0
s=2263,537,0,0,0,0
s=2340,307,0,0,0,0
s=2340,307,2135,0,0,0
s=2340,307,0,0,0,0
s=2110,281,0,0,0,0
s=2110,281,1515,0,0,0
s=2110,281,0,0,0,0
s=2417,281,0,0,0,0
s=2417,281,2093,0,0,0
s=2417,281,0,0,0,0
s=1495,307,0,0,0,0
s=1495,307,4052,0,0,0
s=1495,307,0,0,0,0
s=2135,537,0,0,0,0
s=2135,537,1359,0,0,0
s=2135,537,0,0,0,0
s=2545,230,0,0,0,0
s=2545,230,1811,0,0,0
s=2545,230,0,0,0,0
s=2161,486,0,0,0,0
s=2161,486,1486,0,0,0
s=2161,486,0,0,0,0
s=2519,870,0,0,0,0
s=2519,870,1261,0,0,0
s=2519,870,0,0,0,0
s=2647,409,0,0,0,0
s=2647,409,2487,0,0,0
s=2647,409,0,0,0,0
s=2110,383,0,0,0,0
s=2110,383,1444,0,0,0
s=2110,383,0,0,0,0
s=2673,844,0,0,0,0
s=2673,844,4080,0,0,0
s=2673,844,0,0,0,0
s=2135,25,0,0,0,0
s=2135,25,1980,0,0,0
s=2135,25,0,0,0,0
s=2135,76,0,0,0,0
s=2135,76,1585,0,0,0
s=2135,76,0,0,0,0
s=2647,614,0,0,0,0
s=2647,614,3869,0,0,0
s=2647,614,0,0,0,0
s=1879,204,0,0,0,0
s=1879,204,1571,0,0,0
s=1879,204,0,0,0,0
s=2135,255,0,0,0,0
s=2135,255,1331,0,0,0
s=2135,255,0,0,0,0
s=2621,716,0,0,0,0
s=2621,716,1458,0,0,0
s=2621,716,0,0,0,0
s=1828,102,0,0,0,0
s=1828,102,1684,0,0,0
s=1828,102,0,0,0,0
s=1521,537,0,0,0,0
s=1521,537,4080,0,0,0
s=1521,537,0,0,0,0
s=2442,486,0,0,0,0
s=2442,486,2346,0,0,0
s=2442,486,0,0,0,0
s=2033,460,0,0,0,0
s=2033,460,1289,0,0,0
s=2033,460,0,0,0,0
s=2442,435,0,0,0,0
s=2442,435,2262,0,0,0
s=2442,435,0,0,0,0
s=2442,563,0,0,0,0
s=2442,563,2163,0,0,0
s=2442,563,0,0,0,0
s=2570,665,0,0,0,0
s=2570,665,1811,0,0,0
s=2570,665,0,0,0,0
s=2417,102,0,0,0,0
s=2417,102,2036,0,0,0
s=2417,102,0,0,0,0
s=2340,127,0,0,0,0
s=2340,127,2022,0,0,0
s=2340,127,0,0,0,0
s=2749,230,0,0,0,0
s=2749,230,4080,0,0,0
s=2749,230,0,0,0,0
s=2110,460,0,0,0,0
s=2110,460,1331,0,0,0
s=2110,460,0,0,0,0
s=2442,102,0,0,0,0
s=2442,102,1966,0,0,0
s=2442,102,0,0,0,0
s=2545,435,0,0,0,0
s=2545,435,2586,0,0,0
s=2545,435,0,0,0,0
s=2621,102,0,0,0,0
s=2621,102,1726,0,0,0
s=2621,102,0,0,0,0
s=2442,281,0,0,0,0
s=2442,281,2135,0,0,0
s=2442,281,0,0,0,0
s=2058,639,0,0,0,0
s=2058,639,1289,0,0,0
s=2058,639,0,0,0,0
s=2365,486,0,0,0,0
s=2365,486,1811,0,0,0
s=2365,486,0,0,0,0
s=2186,25,0,0,0,0
s=2186,25,2078,0,0,0
s=2186,25,0,0,0,0
s=2417,1023,0,0,0,0
s=2417,1023,4080,0,0,0
s=2417,1023,0,0,0,0
s=2263,102,0,0,0,0
s=2263,102,2121,0,0,0
s=2263,102,0,0,0,0
s=1982,563,0,0,0,0
s=1982,563,1317,0,0,0
s=1982,563,0,0,0,0
s=1982,358,0,0,0,0
s=1982,358,1233,0,0,0
s=1982,358,0,0,0,0
s=2084,179,0,0,0,0
s=2084,179,1656,0,0,0
s=2084,179,0,0,0,0
s=2647,255,0,0,0,0
s=2647,255,1219,0,0,0
s=2647,255,0,0,0,0
s=2596,793,0,0,0,0
s=2596,793,1430,0,0,0
s=2596,793,0,0,0,0
s=2493,588,0,0,0,0
s=2493,588,2163,0,0,0
s=2493,588,0,0,0,0
s=2007,127,0,0,0,0
s=2007,127,1825,0,0,0
s=2007,127,0,0,0,0
s=2340,639,0,0,0,0
s=2340,639,1275,0,0,0
s=2340,639,0,0,0,0
s=2519,230,0,0,0,0
s=2519,230,1684,0,0,0
s=2519,230,0,0,0,0
s=2621,383,0,0,0,0
s=2621,383,2586,0,0,0
s=2621,383,0,0,0,0
s=2084,102,0,0,0,0
s=2084,102,1402,0,0,0
s=2084,102,0,0,0,0
s=2647,76,0,0,0,0
s=2647,76,2078,0,0,0
s=2647,76,0,0,0,0
s=2673,691,0,0,0,0
s=2673,691,4066,0,0,0
s=2673,691,0,0,0,0
s=2289,1023,0,0,0,0
s=2289,1023,1430,0,0,0
s=2289,1023,0,0,0,0
s=1854,204,0,0,0,0
s=1854,204,1754,0,0,0
s=1854,204,0,0,0,0
s=1495,409,0,0,0,0
s=1495,409,4052,0,0,0
s=1495,409,0,0,0,0
s=2314,281,0,0,0,0
s=2314,281,2078,0,0,0
s=2314,281,0,0,0,0
s=1495,255,0,0,0,0
s=1495,255,4080,0,0,0
s=1495,255,0,0,0,0
s=2570,255,0,0,0,0
s=2570,255,2036,0,0,0
s=2570,255,0,0,0,0
s=1854,588,0,0,0,0
s=1854,588,1261,0,0,0
s=1854,588,0,0,0,0
s=2621,332,0,0,0,0
s=2621,332,2516,0,0,0
s=2621,332,0,0,0,0
s=1828,153,0,0,0,0
s=1828,153,1543,0,0,0
s=1828,153,0,0,0,0
s=2468,639,0,0,0,0
s=2468,639,1500,0,0,0
s=2468,639,0,0,0,0
s=2673,204,0,0,0,0
s=2673,204,1768,0,0,0
s=2673,204,0,0,0,0
s=2110,0,0,0,0,0
s=2110,0,1980,0,0,0
s=2110,0,0,0,0,0
s=2391,76,0,0,0,0
s=2391,76,2163,0,0,0
s=2391,76,0,0,0,0
s=2698,358,0,0,0,0
s=2698,358,4066,0,0,0
s=2698,358,0,0,0,0
s=1521,281,0,0,0,0
s=1521,281,1684,0,0,0
s=1521,281,0,0,0,0
s=2365,537,0,0,0,0
s=2365,537,1825,0,0,0
s=2365,537,0,0,0,0
s=2289,409,0,0,0,0
s=2289,409,1571,0,0,0
s=2289,409,0,0,0,0
s=2340,409,0,0,0,0
s=2340,409,1641,0,0,0
s=2340,409,0,0,0,0
s=2493,230,0,0,0,0
s=2493,230,1458,0,0,0
s=2493,230,0,0,0,0
s=2058,25,0,0,0,0
s=2058,25,1867,0,0,0
s=2058,25,0,0,0,0
s=2545,0,0,0,0,0
s=2545,0,2050,0,0,0
s=2545,0,0,0,0,0
s=1956,972,0,0,0,0
s=1956,972,2572,0,0,0
s=1956,972,0,0,0,0
s=1521,25,0,0,0,0
s=1521,25,1515,0,0,0
s=1521,25,0,0,0,0
s=2314,409,0,0,0,0
s=2314,409,1571,0,0,0
s=2314,409,0,0,0,0
s=1802,76,0,0,0,0
s=1802,76,1613,0,0,0
s=1802,76,0,0,0,0
s=2391,358,0,0,0,0
s=2391,358,2107,0,0,0
s=2391,358,0,0,0,0
s=2519,281,0,0,0,0
s=2519,281,1839,0,0,0
s=2519,281,0,0,0,0
s=2135,179,0,0,0,0
s=2135,179,1402,0,0,0
s=2135,179,0,0,0,0
s=1930,307,0,0,0,0
s=1930,307,1275,0,0,0
s=1930,307,0,0,0,0
s=2570,76,0,0,0,0
s=2570,76,1670,0,0,0
s=2570,76,0,0,0,0
s=2391,307,0,0,0,0
s=2391,307,2163,0,0,0
s=2391,307,0,0,0,0
s=2647,383,0,0,0,0
s=2647,383,2530,0,0,0
s=2647,383,0,0,0,0
s=2647,691,0,0,0,0
s=2647,691,2191,0,0,0
s=2647,691,0,0,0,0
s=2545,358,0,0,0,0
s=2545,358,2544,0,0,0
s=2545,358,0,0,0,0
s=1956,102,0,0,0,0
s=1956,102,1712,0,0,0
s=1956,102,0,0,0,0
s=1879,332,0,0,0,0
s=1879,332,1275,0,0,0
s=1879,332,0,0,0,0
s=2212,460,0,0,0,0
s=2212,460,1500,0,0,0
s=2212,460,0,0,0,0
s=1495,435,0,0,0,0
s=1495,435,4080,0,0,0
s=1495,435,0,0,0,0
s=1828,25,0,0,0,0
s=1828,25,1909,0,0,0
s=1828,25,0,0,0,0
s=2391,486,0,0,0,0
s=2391,486,1980,0,0,0
s=2391,486,0,0,0,0
s=2212,383,0,0,0,0
s=2212,383,1500,0,0,0
s=2212,383,0,0,0,0
s=1854,563,0,0,0,0
s=1854,563,1247,0,0,0
s=1854,563,0,0,0,0
s=2621,51,0,0,0,0
s=2621,51,2191,0,0,0
s=2621,51,0,0,0,0
s=2724,127,0,0,0,0
s=2724,127,4080,0,0,0
s=2724,127,0,0,0,0
s=2647,460,0,0,0,0
s=2647,460,2473,0,0,0
s=2647,460,0,0,0,0
s=1777,76,0,0,0,0
s=1777,76,1698,0,0,0
s=1777,76,0,0,0,0
s=1572,665,0,0,0,0
s=1572,665,1331,0,0,0
s=1572,665,0,0,0,0
s=1905,76,0,0,0,0
s=1905,76,1557,0,0,0
s=1905,76,0,0,0,0
s=2442,639,0,0,0,0
s=2442,639,1486,0,0,0
s=2442,639,0,0,0,0
s=1930,76,0,0,0,0
s=1930,76,1331,0,0,0
s=1930,76,0,0,0,0
s=2417,255,0,0,0,0
s=2417,255,2008,0,0,0
s=2417,255,0,0,0,0
s=2314,563,0,0,0,0
s=2314,563,1557,0,0,0
s=2314,563,0,0,0,0
s=1802,153,0,0,0,0
s=1802,153,1627,0,0,0
s=1802,153,0,0,0,0
s=2417,1049,0,0,0,0
s=2417,1049,4080,0,0,0
s=2417,1049,0,0,0,0
s=2110,179,0,0,0,0
s=2110,179,2022,0,0,0
s=2110,179,0,0,0,0
s=2161,307,0,0,0,0
s=2161,307,1500,0,0,0
s=2161,307,0,0,0,0
s=2493,358,0,0,0,0
s=2493,358,2431,0,0,0
s=2493,358,0,0,0,0
s=1879,614,0,0,0,0
s=1879,614,1247,0,0,0
s=1879,614,0,0,0,0
s=2135,102,0,0,0,0
s=2135,102,1289,0,0,0
s=2135,102,0,0,0,0
s=2263,0,0,0,0,0
s=2263,0,2177,0,0,0
s=2263,0,0,0,0,0
s=2673,25,0,0,0,0
s=2673,25,1881,0,0,0
s=2673,25,0,0,0,0
s=1777,972,0,0,0,0
s=1777,972,4080,0,0,0
s=1777,972,0,0,0,0
s=2673,742,0,0,0,0
s=2673,742,4080,0,0,0
s=2673,742,0,0,0,0
s=1828,946,0,0,0,0
s=1828,946,1684,0,0,0
s=1828,946,0,0,0,0
s=2289,588,0,0,0,0
s=2289,588,1430,0,0,0
s=2289,588,0,0,0,0
s=2647,435,0,0,0,0
s=2647,435,2501,0,0,0
s=2647,435,0,0,0,0
s=2058,281,0,0,0,0
s=2058,281,1345,0,0,0
s=2058,281,0,0,0,0
s=2391,563,0,0,0,0
s=2391,563,1938,0,0,0
s=2391,563,0,0,0,0
s=2570,844,0,0,0,0
s=2570,844,1641,0,0,0
s=2570,844,0,0,0,0
s=2621,76,0,0,0,0
s=2621,76,1853,0,0,0
s=2621,76,0,0,0,0
s=2289,460,0,0,0,0
s=2289,460,1500,0,0,0
s=2289,460,0,0,0,0
s=2391,25,0,0,0,0
s=2391,25,2304,0,0,0
s=2391,25,0,0,0,0
s=2596,870,0,0,0,0
s=2596,870,4080,0,0,0
s=2596,870,0,0,0,0
s=2673,486,0,0,0,0
s=2673,486,4066,0,0,0
s=2673,486,0,0,0,0
s=2570,307,0,0,0,0
s=2570,307,2078,0,0,0
s=2570,307,0,0,0,0
s=2621,435,0,0,0,0
s=2621,435,2572,0,0,0
s=2621,435,0,0,0,0
s=2673,563,0,0,0,0
s=2673,563,4080,0,0,0
s=2673,563,0,0,0,0
s=2545,742,0,0,0,0
s=2545,742,1500,0,0,0
s=2545,742,0,0,0,0
s=2673,332,0,0,0,0
s=2673,332,2530,0,0,0
s=2673,332,0,0,0,0
s=2314,76,0,0,0,0
s=2314,76,2121,0,0,0
s=2314,76,0,0,0,0
s=2314,383,0,0,0,0
s=2314,383,1557,0,0,0
s=2314,383,0,0,0,0
s=2493,332,0,0,0,0
s=2493,332,2375,0,0,0
s=2493,332,0,0,0,0
s=2365,102,0,0,0,0
s=2365,102,2107,0,0,0
s=2365,102,0,0,0,0
s=1930,0,0,0,0,0
s=1930,0,1317,0,0,0
s=1930,0,0,0,0,0
s=2238,435,0,0,0,0
s=2238,435,1571,0,0,0
s=2238,435,0,0,0,0
s=2493,665,0,0,0,0
s=2493,665,1345,0,0,0
s=2493,665,0,0,0,0
s=1470,435,0,0,0,0
s=1470,435,4052,0,0,0
s=1470,435,0,0,0,0
s=2340,255,0,0,0,0
s=2340,255,1980,0,0,0
s=2340,255,0,0,0,0
s=2749,51,0,0,0,0
s=2749,51,4080,0,0,0
s=2749,51,0,0,0,0
s=2545,639,0,0,0,0
s=2545,639,1430,0,0,0
s=2545,639,0,0,0,0
s=2749,307,0,0,0,0
s=2749,307,3376,0,0,0
s=2749,307,0,0,0,0
s=2417,332,0,0,0,0
s=2417,332,2219,0,0,0
s=2417,332,0,0,0,0
s=2621,870,0,0,0,0
s=2621,870,4080,0,0,0
s=2621,870,0,0,0,0
s=2493,946,0,0,0,0
s=2493,946,1317,0,0,0
s=2493,946,0,0,0,0
s=1930,614,0,0,0,0
s=1930,614,1247,0,0,0
s=1930,614,0,0,0,0
s=1982,332,0,0,0,0
s=1982,332,1317,0,0,0
s=1982,332,0,0,0,0
s=2135,332,0,0,0,0
s=2135,332,1529,0,0,0
s=2135,332,0,0,0,0
s=2493,255,0,0,0,0
s=2493,255,1923,0,0,0
s=2493,255,0,0,0,0
s=2468,281,0,0,0,0
s=2468,281,2093,0,0,0
s=2468,281,0,0,0,0
s=2033,486,0,0,0,0
s=2033,486,1275,0,0,0
s=2033,486,0,0,0,0
s=2161,76,0,0,0,0
s=2161,76,1571,0,0,0
s=2161,76,0,0,0,0
s=2596,460,0,0,0,0
s=2596,460,2572,0,0,0
s=2596,460,0,0,0,0
s=1828,76,0,0,0,0
s=1828,76,1938,0,0,0
s=1828,76,0,0,0,0
s=2263,51,0,0,0,0
s=2263,51,2135,0,0,0
s=2263,51,0,0,0,0
s=2519,307,0,0,0,0
s=2519,307,2290,0,0,0
s=2519,307,0,0,0,0
s=2468,588,0,0,0,0
s=2468,588,2022,0,0,0
s=2468,588,0,0,0,0
s=2391,102,0,0,0,0
s=2391,102,2107,0,0,0
s=2391,102,0,0,0,0
s=2417,383,0,0,0,0
s=2417,383,2093,0,0,0
s=2417,383,0,0,0,0
s=2545,281,0,0,0,0
s=2545,281,1909,0,0,0
s=2545,281,0,0,0,0
s=2365,127,0,0,0,0
s=2365,127,2036,0,0,0
s=2365,127,0,0,0,0
s=2186,127,0,0,0,0
s=2186,127,1275,0,0,0
s=2186,127,0,0,0,0
s=2468,486,0,0,0,0
s=2468,486,2375,0,0,0
s=2468,486,0,0,0,0
s=1777,25,0,0,0,0
s=1777,25,1458,0,0,0
s=1777,25,0,0,0,0
s=2673,460,0,0,0,0
s=2673,460,4080,0,0,0
s=2673,460,0,0,0,0
s=1982,127,0,0,0,0
s=1982,127,1613,0,0,0
s=1982,127,0,0,0,0
s=2289,511,0,0,0,0
s=2289,511,1557,0,0,0
s=2289,511,0,0,0,0
s=2007,0,0,0,0,0
s=2007,0,1909,0,0,0
s=2007,0,0,0,0,0
s=2417,665,0,0,0,0
s=2417,665,1317,0,0,0
s=2417,665,0,0,0,0
s=2468,332,0,0,0,0
s=2468,332,2248,0,0,0
s=2468,332,0,0,0,0
s=2621,537,0,0,0,0
s=2621,537,2360,0,0,0
s=2621,537,0,0,0,0
s=2545,25,0,0,0,0
s=2545,25,2177,0,0,0
s=2545,25,0,0,0,0
s=2673,435,0,0,0,0
s=2673,435,4066,0,0,0
s=2673,435,0,0,0,0
s=2673,127,0,0,0,0
s=2673,127,1980,0,0,0
s=2673,127,0,0,0,0
s=2058,358,0,0,0,0
s=2058,358,1402,0,0,0
s=2058,358,0,0,0,0
s=2007,281,0,0,0,0
s=2007,281,1430,0,0,0
s=2007,281,0,0,0,0
s=2340,435,0,0,0,0
s=2340,435,1557,0,0,0
s=2340,435,0,0,0,0
s=1495,179,0,0,0,0
s=1495,179,4080,0,0,0
s=1495,179,0,0,0,0
s=2212,281,0,0,0,0
s=2212,281,1458,0,0,0
s=2212,281,0,0,0,0
s=2749,255,0,0,0,0
s=2749,255,4080,0,0,0
s=2749,255,0,0,0,0
s=2621,844,0,0,0,0
s=2621,844,4052,0,0,0
s=2621,844,0,0,0,0
s=2340,1023,0,0,0,0
s=2340,1023,4080,0,0,0
s=2340,1023,0,0,0,0
s=2596,511,0,0,0,0
s=2596,511,2544,0,0,0
s=2596,511,0,0,0,0
s=2212,409,0,0,0,0
s=2212,409,1515,0,0,0
s=2212,409,0,0,0,0
s=1521,51,0,0,0,0
s=1521,51,1712,0,0,0
s=1521,51,0,0,0,0
s=2647,537,0,0,0,0
s=2647,537,2431,0,0,0
s=2647,537,0,0,0,0
s=2698,332,0,0,0,0
s=2698,332,3700,0,0,0
s=2698,332,0,0,0,0
s=1598,870,0,0,0,0
s=1598,870,4080,0,0,0
s=1598,870,0,0,0,0
s=2186,409,0,0,0,0
s=2186,409,1500,0,0,0
s=2186,409,0,0,0,0
s=2417,409,0,0,0,0
s=2417,409,2008,0,0,0
s=2417,409,0,0,0,0
s=2263,255,0,0,0,0
s=2263,255,2008,0,0,0
s=2263,255,0,0,0,0
s=2007,153,0,0,0,0
s=2007,153,1571,0,0,0
s=2007,153,0,0,0,0
s=1802,127,0,0,0,0
s=1802,127,1515,0,0,0
s=1802,127,0,0,0,0
s=1854,946,0,0,0,0
s=1854,946,1613,0,0,0
s=1854,946,0,0,0,0
s=2493,435,0,0,0,0
s=2493,435,2459,0,0,0
s=2493,435,0,0,0,0
s=2365,255,0,0,0,0
s=2365,255,1994,0,0,0
s=2365,255,0,0,0,0
s=2570,614,0,0,0,0
s=2570,614,1938,0,0,0
s=2570,614,0,0,0,0
s=2314,332,0,0,0,0
s=2314,332,2093,0,0,0
s=2314,332,0,0,0,0
s=2647,332,0,0,0,0
s=2647,332,2628,0,0,0
s=2647,332,0,0,0,0
s=2033,255,0,0,0,0
s=2033,255,1219,0,0,0
s=2033,255,0,0,0,0
s=2442,25,0,0,0,0
s=2442,25,2346,0,0,0
s=2442,25,0,0,0,0
s=2110,614,0,0,0,0
s=2110,614,1317,0,0,0
s=2110,614,0,0,0,0
s=2033,614,0,0,0,0
s=2033,614,1261,0,0,0
s=2033,614,0,0,0,0
s=2493,972,0,0,0,0
s=2493,972,4080,0,0,0
s=2493,972,0,0,0,0
s=2289,25,0,0,0,0
s=2289,25,2107,0,0,0
s=2289,25,0,0,0,0
s=2647,0,0,0,0,0
s=2647,0,1416,0,0,0
s=2647,0,0,0,0,0
s=2442,691,0,0,0,0
s=2442,691,1331,0,0,0
s=2442,691,0,0,0,0
s=2621,767,0,0,0,0
s=2621,767,3474,0,0,0
s=2621,767,0,0,0,0
s=2391,1049,0,0,0,0
s=2391,1049,4080,0,0,0
s=2391,1049,0,0,0,0
s=2493,563,0,0,0,0
s=2493,563,2318,0,0,0
s=2493,563,0,0,0,0
s=1905,102,0,0,0,0
s=1905,102,1782,0,0,0
s=1905,102,0,0,0,0
s=2417,435,0,0,0,0
s=2417,435,2022,0,0,0
s=2417,435,0,0,0,0
s=2340,588,0,0,0,0
s=2340,588,1585,0,0,0
s=2340,588,0,0,0,0
s=2417,511,0,0,0,0
s=2417,511,2163,0,0,0
s=2417,511,0,0,0,0
s=2391,51,0,0,0,0
s=2391,51,2234,0,0,0
s=2391,51,0,0,0,0
s=2058,537,0,0,0,0
s=2058,537,1331,0,0,0
s=2058,537,0,0,0,0
s=2314,307,0,0,0,0
s=2314,307,2093,0,0,0
s=2314,307,0,0,0,0
s=2673,102,0,0,0,0
s=2673,102,1966,0,0,0
s=2673,102,0,0,0,0
s=2365,358,0,0,0,0
s=2365,358,1909,0,0,0
s=2365,358,0,0,0,0
s=2212,127,0,0,0,0
s=2212,127,1345,0,0,0
s=2212,127,0,0,0,0
s=2570,383,0,0,0,0
s=2570,383,2586,0,0,0
s=2570,383,0,0,0,0
s=2365,281,0,0,0,0
s=2365,281,2064,0,0,0
s=2365,281,0,0,0,0
s=2673,665,0,0,0,0
s=2673,665,4080,0,0,0
s=2673,665,0,0,0,0
s=1956,76,0,0,0,0
s=1956,76,1656,0,0,0
s=1956,76,0,0,0,0
s=2058,332,0,0,0,0
s=2058,332,1529,0,0,0
s=2058,332,0,0,0,0
s=2391,614,0,0,0,0
s=2391,614,1585,0,0,0
s=2391,614,0,0,0,0
s=2621,742,0,0,0,0
s=2621,742,1825,0,0,0
s=2621,742,0,0,0,0
s=2647,639,0,0,0,0
s=2647,639,4052,0,0,0
s=2647,639,0,0,0,0
s=1828,563,0,0,0,0
s=1828,563,1219,0,0,0
s=1828,563,0,0,0,0
s=2468,511,0,0,0,0
s=2468,511,2346,0,0,0
s=2468,511,0,0,0,0
s=2570,716,0,0,0,0
s=2570,716,1670,0,0,0
s=2570,716,0,0,0,0
s=2442,511,0,0,0,0
s=2442,511,2318,0,0,0
s=2442,511,0,0,0,0
s=2186,460,0,0,0,0
s=2186,460,1515,0,0,0
s=2186,460,0,0,0,0
s=1879,153,0,0,0,0
s=1879,153,1599,0,0,0
s=1879,153,0,0,0,0
s=2519,127,0,0,0,0
s=2519,127,2234,0,0,0
s=2519,127,0,0,0,0
s=2468,665,0,0,0,0
s=2468,665,1374,0,0,0
s=2468,665,0,0,0,0
s=2596,895,0,0,0,0
s=2596,895,4080,0,0,0
s=2596,895,0,0,0,0
s=2647,25,0,0,0,0
s=2647,25,1543,0,0,0
s=2647,25,0,0,0,0
s=2110,409,0,0,0,0
s=2110,409,1359,0,0,0
s=2110,409,0,0,0,0
s=2673,76,0,0,0,0
s=2673,76,1909,0,0,0
s=2673,76,0,0,0,0
s=2161,0,0,0,0,0
s=2161,0,2036,0,0,0
s=2161,0,0,0,0,0
s=1521,153,0,0,0,0
s=1521,153,4066,0,0,0
s=1521,153,0,0,0,0
s=2596,358,0,0,0,0
s=2596,358,2487,0,0,0
s=2596,358,0,0,0,0
s=2698,307,0,0,0,0
s=2698,307,2558,0,0,0
s=2698,307,0,0,0,0
s=2365,51,0,0,0,0
s=2365,51,2219,0,0,0
s=2365,51,0,0,0,0
s=2058,1023,0,0,0,0
s=2058,1023,4080,0,0,0
s=2058,1023,0,0,0,0
s=1905,563,0,0,0,0
s=1905,563,1345,0,0,0
s=1905,563,0,0,0,0
s=2647,844,0,0,0,0
s=2647,844,4080,0,0,0
s=2647,844,0,0,0,0
s=2084,511,0,0,0,0
s=2084,511,1275,0,0,0
s=2084,511,0,0,0,0
s=2519,358,0,0,0,0
s=2519,358,2501,0,0,0
s=2519,358,0,0,0,0
s=2519,332,0,0,0,0
s=2519,332,2487,0,0,0
s=2519,332,0,0,0,0
s=1930,537,0,0,0,0
s=1930,537,1219,0,0,0
s=1930,537,0,0,0,0
s=1854,76,0,0,0,0
s=1854,76,2050,0,0,0
s=1854,76,0,0,0,0
s=2698,179,0,0,0,0
s=2698,179,1670,0,0,0
s=2698,179,0,0,0,0
s=2186,563,0,0,0,0
s=2186,563,1261,0,0,0
s=2186,563,0,0,0,0
s=2007,102,0,0,0,0
s=2007,102,1768,0,0,0
s=2007,102,0,0,0,0
s=2468,0,0,0,0,0
s=2468,0,2346,0,0,0
s=2468,0,0,0,0,0
s=1905,588,0,0,0,0
s=1905,588,1317,0,0,0
s=1905,588,0,0,0,0
s=1521,204,0,0,0,0
s=1521,204,1994,0,0,0
s=1521,204,0,0,0,0
s=2238,383,0,0,0,0
s=2238,383,1500,0,0,0
s=2238,383,0,0,0,0
s=2391,409,0,0,0,0
s=2391,409,1782,0,0,0
s=2391,409,0,0,0,0
s=2161,460,0,0,0,0
s=2161,460,1458,0,0,0
s=2161,460,0,0,0,0
s=1905,127,0,0,0,0
s=1905,127,1430,0,0,0
s=1905,127,0,0,0,0
s=2468,383,0,0,0,0
s=2468,383,2403,0,0,0
s=2468,383,0,0,0,0
s=2596,716,0,0,0,0
s=2596,716,1219,0,0,0
s=2596,716,0,0,0,0
s=2110,486,0,0,0,0
s=2110,486,1303,0,0,0
s=2110,486,0,0,0,0
s=1905,179,0,0,0,0
s=1905,179,1994,0,0,0
s=1905,179,0,0,0,0
s=2468,25,0,0,0,0
s=2468,25,2332,0,0,0
s=2468,25,0,0,0,0
s=2289,537,0,0,0,0
s=2289,537,1543,0,0,0
s=2289,537,0,0,0,0
s=2084,127,0,0,0,0
s=2084,127,1261,0,0,0
s=2084,127,0,0,0,0
s=1521,76,0,0,0,0
s=1521,76,2558,0,0,0
s=1521,76,0,0,0,0
s=1956,281,0,0,0,0
s=1956,281,1331,0,0,0
s=1956,281,0,0,0,0
s=2186,179,0,0,0,0
s=2186,179,1684,0,0,0
s=2186,179,0,0,0,0
s=1956,255,0,0,0,0
s=1956,255,1219,0,0,0
s=1956,255,0,0,0,0
s=2186,435,0,0,0,0
s=2186,435,1472,0,0,0
s=2186,435,0,0,0,0
s=2442,153,0,0,0,0
s=2442,153,1825,0,0,0
s=2442,153,0,0,0,0
s=2673,0,0,0,0,0
s=2673,0,1938,0,0,0
s=2673,0,0,0,0,0
s=2468,614,0,0,0,0
s=2468,614,1740,0,0,0
s=2468,614,0,0,0,0
s=2647,153,0,0,0,0
s=2647,153,2826,0,0,0
s=2647,153,0,0,0,0
s=2289,51,0,0,0,0
s=2289,51,2135,0,0,0
s=2289,51,0,0,0,0
s=2442,1023,0,0,0,0
s=2442,1023,4080,0,0,0
s=2442,1023,0,0,0,0
s=2493,153,0,0,0,0
s=2493,153,1543,0,0,0
s=2493,153,0,0,0,0
s=2391,332,0,0,0,0
s=2391,332,2149,0,0,0
s=2391,332,0,0,0,0
s=1982,51,0,0,0,0
s=1982,51,1867,0,0,0
s=1982,51,0,0,0,0
s=2110,435,0,0,0,0
s=2110,435,1359,0,0,0
s=2110,435,0,0,0,0
s=2442,614,0,0,0,0
s=2442,614,1712,0,0,0
s=2442,614,0,0,0,0
s=2519,409,0,0,0,0
s=2519,409,2558,0,0,0
s=2519,409,0,0,0,0
s=2493,0,0,0,0,0
s=2493,0,2304,0,0,0
s=2493,0,0,0,0,0
s=2161,51,0,0,0,0
s=2161,51,1923,0,0,0
s=2161,51,0,0,0,0
s=2007,383,0,0,0,0
s=2007,383,1317,0,0,0
s=2007,383,0,0,0,0
s=2340,51,0,0,0,0
s=2340,51,2149,0,0,0
s=2340,51,0,0,0,0
s=2289,153,0,0,0,0
s=2289,153,1768,0,0,0
s=2289,153,0,0,0,0
s=1982,486,0,0,0,0
s=1982,486,1233,0,0,0
s=1982,486,0,0,0,0
s=1572,742,0,0,0,0
s=1572,742,1359,0,0,0
s=1572,742,0,0,0,0
s=2391,588,0,0,0,0
s=2391,588,1881,0,0,0
s=2391,588,0,0,0,0
s=2391,127,0,0,0,0
s=2391,127,2135,0,0,0
s=2391,127,0,0,0,0
s=2135,588,0,0,0,0
s=2135,588,1303,0,0,0
s=2135,588,0,0,0,0
s=2135,460,0,0,0,0
s=2135,460,1444,0,0,0
s=2135,460,0,0,0,0
s=2493,76,0,0,0,0
s=2493,76,2093,0,0,0
s=2493,76,0,0,0,0
s=2161,179,0,0,0,0
s=2161,179,1754,0,0,0
s=2161,179,0,0,0,0
s=2365,563,0,0,0,0
s=2365,563,1839,0,0,0
s=2365,563,0,0,0,0
s=2468,716,0,0,0,0
s=2468,716,1670,0,0,0
s=2468,716,0,0,0,0
s=2212,255,0,0,0,0
s=2212,255,1416,0,0,0
s=2212,255,0,0,0,0
s=2238,1074,0,0,0,0
s=2238,1074,4080,0,0,0
s=2238,1074,0,0,0,0
s=2468,307,0,0,0,0
s=2468,307,2219,0,0,0
s=2468,307,0,0,0,0
s=1546,793,0,0,0,0
s=1546,793,4080,0,0,0
s=1546,793,0,0,0,0
s=2417,588,0,0,0,0
s=2417,588,1952,0,0,0
s=2417,588,0,0,0,0
s=2340,614,0,0,0,0
s=2340,614,1543,0,0,0
s=2340,614,0,0,0,0
s=2698,127,0,0,0,0
s=2698,127,1571,0,0,0
s=2698,127,0,0,0,0
s=2212,537,0,0,0,0
s=2212,537,1388,0,0,0
s=2212,537,0,0,0,0
s=2161,614,0,0,0,0
s=2161,614,1247,0,0,0
s=2161,614,0,0,0,0
s=2596,563,0,0,0,0
s=2596,563,2177,0,0,0
s=2596,563,0,0,0,0
s=2442,767,0,0,0,0
s=2442,767,1331,0,0,0
s=2442,767,0,0,0,0
s=2647,358,0,0,0,0
s=2647,358,2572,0,0,0
s=2647,358,0,0,0,0
s=1879,127,0,0,0,0
s=1879,127,1627,0,0,0
s=1879,127,0,0,0,0
s=2033,76,0,0,0,0
s=2033,76,1811,0,0,0
s=2033,76,0,0,0,0
s=1905,51,0,0,0,0
s=1905,51,1613,0,0,0
s=1905,51,0,0,0,0
s=2084,639,0,0,0,0
s=2084,639,1289,0,0,0
s=2084,639,0,0,0,0
s=2161,102,0,0,0,0
s=2161,102,1289,0,0,0
s=2161,102,0,0,0,0
s=2033,281,0,0,0,0
s=2033,281,1472,0,0,0
s=2033,281,0,0,0,0
s=2238,358,0,0,0,0
s=2238,358,1416,0,0,0
s=2238,358,0,0,0,0
s=2135,435,0,0,0,0
s=2135,435,1430,0,0,0
s=2135,435,0,0,0,0
s=2596,537,0,0,0,0
s=2596,537,2346,0,0,0
s=2596,537,0,0,0,0
s=2570,895,0,0,0,0
s=2570,895,2389,0,0,0
s=2570,895,0,0,0,0
s=1649,895,0,0,0,0
s=1649,895,4080,0,0,0
s=1649,895,0,0,0,0
s=2724,179,0,0,0,0
s=2724,179,4080,0,0,0
s=2724,179,0,0,0,0
s=2238,102,0,0,0,0
s=2238,102,2050,0,0,0
s=2238,102,0,0,0,0
s=1879,0,0,0,0,0
s=1879,0,1966,0,0,0
s=1879,0,0,0,0,0
s=1879,179,0,0,0,0
s=1879,179,1994,0,0,0
s=1879,179,0,0,0,0
s=1546,179,0,0,0,0
s=1546,179,1895,0,0,0
s=1546,179,0,0,0,0
s=2058,102,0,0,0,0
s=2058,102,1712,0,0,0
s=2058,102,0,0,0,0
s=1982,665,0,0,0,0
s=1982,665,1233,0,0,0
s=1982,665,0,0,0,0
s=2468,51,0,0,0,0
s=2468,51,2290,0,0,0
s=2468,51,0,0,0,0
s=1495,358,0,0,0,0
s=1495,358,4066,0,0,0
s=1495,358,0,0,0,0
s=2621,614,0,0,0,0
s=2621,614,2191,0,0,0
s=2621,614,0,0,0,0
s=2033,307,0,0,0,0
s=2033,307,1543,0,0,0
s=2033,307,0,0,0,0
s=2263,153,0,0,0,0
s=2263,153,1656,0,0,0
s=2263,153,0,0,0,0
s=1521,460,0,0,0,0
s=1521,460,1219,0,0,0
s=1521,460,0,0,0,0
s=2110,537,0,0,0,0
s=2110,537,1388,0,0,0
s=2110,537,0,0,0,0
s=2161,435,0,0,0,0
s=2161,435,1416,0,0,0
s=2161,435,0,0,0,0
s=2493,307,0,0,0,0
s=2493,307,2290,0,0,0
s=2493,307,0,0,0,0
s=2442,383,0,0,0,0
s=2442,383,2318,0,0,0
s=2442,383,0,0,0,0
s=2596,332,0,0,0,0
s=2596,332,2431,0,0,0
s=2596,332,0,0,0,0
s=2007,435,0,0,0,0
s=2007,435,1289,0,0,0
s=2007,435,0,0,0,0
s=2365,511,0,0,0,0
s=2365,511,1867,0,0,0
s=2365,511,0,0,0,0
s=1905,0,0,0,0,0
s=1905,0,1754,0,0,0
s=1905,0,0,0,0,0
s=2314,588,0,0,0,0
s=2314,588,1557,0,0,0
s=2314,588,0,0,0,0
s=2340,153,0,0,0,0
s=2340,153,1825,0,0,0
s=2340,153,0,0,0,0
s=2238,486,0,0,0,0
s=2238,486,1472,0,0,0
s=2238,486,0,0,0,0
s=2084,255,0,0,0,0
s=2084,255,1233,0,0,0
s=2084,255,0,0,0,0
s=2263,409,0,0,0,0
s=2263,409,1557,0,0,0
s=2263,409,0,0,0,0
s=2596,307,0,0,0,0
s=2596,307,1966,0,0,0
s=2596,307,0,0,0,0
s=2647,307,0,0,0,0
s=2647,307,2078,0,0,0
s=2647,307,0,0,0,0
s=2698,281,0,0,0,0
s=2698,281,2262,0,0,0
s=2698,281,0,0,0,0
s=2417,127,0,0,0,0
s=2417,127,2121,0,0,0
s=2417,127,0,0,0,0
s=2110,102,0,0,0,0
s=2110,102,1233,0,0,0
s=2110,102,0,0,0,0
s=2724,51,0,0,0,0
s=2724,51,2262,0,0,0
s=2724,51,0,0,0,0
s=2519,742,0,0,0,0
s=2519,742,1641,0,0,0
s=2519,742,0,0,0,0
s=2621,563,0,0,0,0
s=2621,563,2219,0,0,0
s=2621,563,0,0,0,0
s=1956,639,0,0,0,0
s=1956,639,1331,0,0,0
s=1956,639,0,0,0,0
s=2673,153,0,0,0,0
s=2673,153,2050,0,0,0
s=2673,153,0,0,0,0
s=2442,409,0,0,0,0
s=2442,409,2290,0,0,0
s=2442,409,0,0,0,0
s=2314,25,0,0,0,0
s=2314,25,2093,0,0,0
s=2314,25,0,0,0,0
s=2545,793,0,0,0,0
s=2545,793,1740,0,0,0
s=2545,793,0,0,0,0
s=2084,486,0,0,0,0
s=2084,486,1303,0,0,0
s=2084,486,0,0,0,0
s=2442,998,0,0,0,0
s=2442,998,4080,0,0,0
s=2442,998,0,0,0,0
s=2724,307,0,0,0,0
s=2724,307,2276,0,0,0
s=2724,307,0,0,0,0
s=2058,127,0,0,0,0
s=2058,127,1529,0,0,0
s=2058,127,0,0,0,0
s=1546,716,0,0,0,0
s=1546,716,1261,0,0,0
s=1546,716,0,0,0,0
s=2468,255,0,0,0,0
s=2468,255,1881,0,0,0
s=2468,255,0,0,0,0
s=2570,358,0,0,0,0
s=2570,358,2544,0,0,0
s=2570,358,0,0,0,0
s=2417,153,0,0,0,0
s=2417,153,2078,0,0,0
s=2417,153,0,0,0,0
s=2596,435,0,0,0,0
s=2596,435,2600,0,0,0
s=2596,435,0,0,0,0
s=2314,153,0,0,0,0
s=2314,153,1782,0,0,0
s=2314,153,0,0,0,0
s=2161,332,0,0,0,0
s=2161,332,1458,0,0,0
s=2161,332,0,0,0,0
s=2468,435,0,0,0,0
s=2468,435,2403,0,0,0
s=2468,435,0,0,0,0
s=2519,102,0,0,0,0
s=2519,102,2135,0,0,0
s=2519,102,0,0,0,0
s=2442,0,0,0,0,0
s=2442,0,2360,0,0,0
s=2442,0,0,0,0,0
s=2212,51,0,0,0,0
s=2212,51,2008,0,0,0
s=2212,51,0,0,0,0
s=2263,563,0,0,0,0
s=2263,563,1472,0,0,0
s=2263,563,0,0,0,0
s=2084,460,0,0,0,0
s=2084,460,1289,0,0,0
s=2084,460,0,0,0,0
s=2417,358,0,0,0,0
s=2417,358,2276,0,0,0
s=2417,358,0,0,0,0
s=2724,76,0,0,0,0
s=2724,76,2375,0,0,0
s=2724,76,0,0,0,0
s=2749,102,0,0,0,0
s=2749,102,4080,0,0,0
s=2749,102,0,0,0,0
s=2033,51,0,0,0,0
s=2033,51,1881,0,0,0
s=2033,51,0,0,0,0
s=2698,25,0,0,0,0
s=2698,25,2093,0,0,0
s=2698,25,0,0,0,0
s=2442,588,0,0,0,0
s=2442,588,1980,0,0,0
s=2442,588,0,0,0,0
s=2110,1023,0,0,0,0
s=2110,1023,4080,0,0,0
s=2110,1023,0,0,0,0
s=2212,179,0,0,0,0
s=2212,179,1345,0,0,0
s=2212,179,0,0,0,0
s=2212,511,0,0,0,0
s=2212,511,1458,0,0,0
s=2212,511,0,0,0,0
s=2673,255,0,0,0,0
s=2673,255,1261,0,0,0
s=2673,255,0,0,0,0
s=1956,383,0,0,0,0
s=1956,383,1219,0,0,0
s=1956,383,0,0,0,0
s=2545,537,0,0,0,0
s=2545,537,2473,0,0,0
s=2545,537,0,0,0,0
s=2673,307,0,0,0,0
s=2673,307,2487,0,0,0
s=2673,307,0,0,0,0
s=2365,76,0,0,0,0
s=2365,76,2163,0,0,0
s=2365,76,0,0,0,0
s=1802,51,0,0,0,0
s=1802,51,1613,0,0,0
s=1802,51,0,0,0,0
s=2238,563,0,0,0,0
s=2238,563,1416,0,0,0
s=2238,563,0,0,0,0
s=2468,76,0,0,0,0
s=2468,76,2093,0,0,0
s=2468,76,0,0,0,0
s=2084,435,0,0,0,0
s=2084,435,1345,0,0,0
s=2084,435,0,0,0,0
s=2007,409,0,0,0,0
s=2007,409,1261,0,0,0
s=2007,409,0,0,0,0
s=2314,0,0,0,0,0
s=2314,0,2093,0,0,0
s=2314,0,0,0,0,0
s=2263,76,0,0,0,0
s=2263,76,2078,0,0,0
s=2263,76,0,0,0,0
s=2545,460,0,0,0,0
s=2545,460,2685,0,0,0
s=2545,460,0,0,0,0
s=1828,179,0,0,0,0
s=1828,179,1797,0,0,0
s=1828,179,0,0,0,0
s=2621,895,0,0,0,0
s=2621,895,4066,0,0,0
s=2621,895,0,0,0,0
s=2493,716,0,0,0,0
s=2493,716,1458,0,0,0
s=2493,716,0,0,0,0
s=2340,102,0,0,0,0
s=2340,102,2093,0,0,0
s=2340,102,0,0,0,0
s=2468,819,0,0,0,0
s=2468,819,1388,0,0,0
s=2468,819,0,0,0,0
s=1802,102,0,0,0,0
s=1802,102,1557,0,0,0
s=1802,102,0,0,0,0
s=2289,102,0,0,0,0
s=2289,102,2135,0,0,0
s=2289,102,0,0,0,0
s=2468,793,0,0,0,0
s=2468,793,1811,0,0,0
s=2468,793,0,0,0,0
s=2007,639,0,0,0,0
s=2007,639,1331,0,0,0
s=2007,639,0,0,0,0
s=2545,102,0,0,0,0
s=2545,102,2135,0,0,0
s=2545,102,0,0,0,0
s=1930,51,0,0,0,0
s=1930,51,1416,0,0,0
s=1930,51,0,0,0,0
s=1777,127,0,0,0,0
s=1777,127,1585,0,0,0
s=1777,127,0,0,0,0
s=1726,921,0,0,0,0
s=1726,921,4080,0,0,0
s=1726,921,0,0,0,0
s=2391,383,0,0,0,0
s=2391,383,1726,0,0,0
s=2391,383,0,0,0,0
s=1879,588,0,0,0,0
s=1879,588,1233,0,0,0
s=1879,588,0,0,0,0
s=2519,511,0,0,0,0
s=2519,511,2487,0,0,0
s=2519,511,0,0,0,0
s=2673,358,0,0,0,0
s=2673,358,2586,0,0,0
s=2673,358,0,0,0,0
s=2545,409,0,0,0,0
s=2545,409,2572,0,0,0
s=2545,409,0,0,0,0
s=1495,332,0,0,0,0
s=1495,332,4066,0,0,0
s=1495,332,0,0,0,0
s=2289,383,0,0,0,0
s=2289,383,1599,0,0,0
s=2289,383,0,0,0,0
s=2314,435,0,0,0,0
s=2314,435,1585,0,0,0
s=2314,435,0,0,0,0
s=2263,1023,0,0,0,0
s=2263,1023,1388,0,0,0
s=2263,1023,0,0,0,0
s=2340,332,0,0,0,0
s=2340,332,2177,0,0,0
s=2340,332,0,0,0,0
s=2468,358,0,0,0,0
s=2468,358,2360,0,0,0
s=2468,358,0,0,0,0
s=2519,435,0,0,0,0
s=2519,435,2544,0,0,0
s=2519,435,0,0,0,0
s=2570,563,0,0,0,0
s=2570,563,2276,0,0,0
s=2570,563,0,0,0,0
s=2468,537,0,0,0,0
s=2468,537,2290,0,0,0
s=2468,537,0,0,0,0
s=2161,255,0,0,0,0
s=2161,255,1303,0,0,0
s=2161,255,0,0,0,0
s=2263,332,0,0,0,0
s=2263,332,1684,0,0,0
s=2263,332,0,0,0,0
s=2698,76,0,0,0,0
s=2698,76,2078,0,0,0
s=2698,76,0,0,0,0
s=2417,51,0,0,0,0
s=2417,51,2262,0,0,0
s=2417,51,0,0,0,0
s=2417,972,0,0,0,0
s=2417,972,1247,0,0,0
s=2417,972,0,0,0,0
s=2084,281,0,0,0,0
s=2084,281,1388,0,0,0
s=2084,281,0,0,0,0
s=2442,51,0,0,0,0
s=2442,51,2262,0,0,0
s=2442,51,0,0,0,0
s=1930,102,0,0,0,0
s=1930,102,1472,0,0,0
s=1930,102,0,0,0,0
s=2033,204,0,0,0,0
s=2033,204,1233,0,0,0
s=2033,204,0,0,0,0
s=2110,51,0,0,0,0
s=2110,51,1839,0,0,0
s=2110,51,0,0,0,0
s=2749,0,0,0,0,0
s=2749,0,3601,0,0,0
s=2749,0,0,0,0,0
s=2340,486,0,0,0,0
s=2340,486,1684,0,0,0
s=2340,486,0,0,0,0
s=2007,358,0,0,0,0
s=2007,358,1402,0,0,0
s=2007,358,0,0,0,0
s=2007,537,0,0,0,0
s=2007,537,1289,0,0,0
s=2007,537,0,0,0,0
s=2417,793,0,0,0,0
s=2417,793,1261,0,0,0
s=2417,793,0,0,0,0
s=2365,1023,0,0,0,0
s=2365,1023,4066,0,0,0
s=2365,1023,0,0,0,0
s=2493,511,0,0,0,0
s=2493,511,2417,0,0,0
s=2493,511,0,0,0,0
s=2545,614,0,0,0,0
s=2545,614,1839,0,0,0
s=2545,614,0,0,0,0
s=1854,127,0,0,0,0
s=1854,127,1938,0,0,0
s=1854,127,0,0,0,0
s=2570,819,0,0,0,0
s=2570,819,1966,0,0,0
s=2570,819,0,0,0,0
s=2545,383,0,0,0,0
s=2545,383,2558,0,0,0
s=2545,383,0,0,0,0
s=2596,588,0,0,0,0
s=2596,588,2135,0,0,0
s=2596,588,0,0,0,0
s=2596,819,0,0,0,0
s=2596,819,1952,0,0,0
s=2596,819,0,0,0,0
s=2647,127,0,0,0,0
s=2647,127,2064,0,0,0
s=2647,127,0,0,0,0
s=1956,179,0,0,0,0
s=1956,179,1515,0,0,0
s=1956,179,0,0,0,0
s=2238,537,0,0,0,0
s=2238,537,1472,0,0,0
s=2238,537,0,0,0,0
s=2186,614,0,0,0,0
s=2186,614,1261,0,0,0
s=2186,614,0,0,0,0
s=2391,537,0,0,0,0
s=2391,537,1909,0,0,0
s=2391,537,0,0,0,0
s=2545,665,0,0,0,0
s=2545,665,1289,0,0,0
s=2545,665,0,0,0,0
s=2391,153,0,0,0,0
s=2391,153,2036,0,0,0
s=2391,153,0,0,0,0
s=2468,563,0,0,0,0
s=2468,563,2219,0,0,0
s=2468,563,0,0,0,0
s=2340,563,0,0,0,0
s=2340,563,1684,0,0,0
s=2340,563,0,0,0,0
s=2110,358,0,0,0,0
s=2110,358,1529,0,0,0
s=2110,358,0,0,0,0
s=2238,307,0,0,0,0
s=2238,307,1656,0,0,0
s=2238,307,0,0,0,0
s=2621,819,0,0,0,0
s=2621,819,4080,0,0,0
s=2621,819,0,0,0,0
s=2749,76,0,0,0,0
s=2749,76,4080,0,0,0
s=2749,76,0,0,0,0
s=2673,179,0,0,0,0
s=2673,179,1980,0,0,0
s=2673,179,0,0,0,0
s=2238,127,0,0,0,0
s=2238,127,1839,0,0,0
s=2238,127,0,0,0,0
s=1982,409,0,0,0,0
s=1982,409,1233,0,0,0
s=1982,409,0,0,0,0
s=1572,614,0,0,0,0
s=1572,614,1247,0,0,0
s=1572,614,0,0,0,0
s=2084,383,0,0,0,0
s=2084,383,1402,0,0,0
s=2084,383,0,0,0,0
s=1879,76,0,0,0,0
s=1879,76,1839,0,0,0
s=1879,76,0,0,0,0
s=2698,0,0,0,0,0
s=2698,0,1923,0,0,0
s=2698,0,0,0,0,0
s=1572,819,0,0,0,0
s=1572,819,4080,0,0,0
s=1572,819,0,0,0,0
s=2058,307,0,0,0,0
s=2058,307,1529,0,0,0
s=2058,307,0,0,0,0
s=2673,383,0,0,0,0
s=2673,383,4066,0,0,0
s=2673,383,0,0,0,0
s=2442,460,0,0,0,0
s=2442,460,2262,0,0,0
s=2442,460,0,0,0,0
s=2212,1023,0,0,0,0
s=2212,1023,4080,0,0,0
s=2212,1023,0,0,0,0
s=2314,358,0,0,0,0
s=2314,358,1768,0,0,0
s=2314,358,0,0,0,0
s=1546,665,0,0,0,0
s=1546,665,4066,0,0,0
s=1546,665,0,0,0,0
s=1623,844,0,0,0,0
s=1623,844,2262,0,0,0
s=1623,844,0,0,0,0
s=2621,639,0,0,0,0
s=2621,639,1952,0,0,0
s=2621,639,0,0,0,0
s=2493,614,0,0,0,0
s=2493,614,1881,0,0,0
s=2493,614,0,0,0,0
s=2340,511,0,0,0,0
s=2340,511,1641,0,0,0
s=2340,511,0,0,0,0
s=2238,332,0,0,0,0
s=2238,332,1529,0,0,0
s=2238,332,0,0,0,0
s=2135,281,0,0,0,0
s=2135,281,1458,0,0,0
s=2135,281,0,0,0,0
s=1930,563,0,0,0,0
s=1930,563,1317,0,0,0
s=1930,563,0,0,0,0
s=2442,844,0,0,0,0
s=2442,844,1219,0,0,0
s=2442,844,0,0,0,0
s=2238,588,0,0,0,0
s=2238,588,1317,0,0,0
s=2238,588,0,0,0,0
s=2263,460,0,0,0,0
s=2263,460,1571,0,0,0
s=2263,460,0,0,0,0
s=2519,588,0,0,0,0
s=2519,588,2219,0,0,0
s=2519,588,0,0,0,0
s=2647,179,0,0,0,0
s=2647,179,2036,0,0,0
s=2647,179,0,0,0,0
s=2493,281,0,0,0,0
s=2493,281,2050,0,0,0
s=2493,281,0,0,0,0
s=2621,665,0,0,0,0
s=2621,665,1656,0,0,0
s=2621,665,0,0,0,0
s=1854,25,0,0,0,0
s=1854,25,1698,0,0,0
s=1854,25,0,0,0,0
s=2238,25,0,0,0,0
s=2238,25,2149,0,0,0
s=2238,25,0,0,0,0
s=2442,358,0,0,0,0
s=2442,358,2332,0,0,0
s=2442,358,0,0,0,0
s=2442,230,0,0,0,0
s=2442,230,1219,0,0,0
s=2442,230,0,0,0,0
s=2238,255,0,0,0,0
s=2238,255,1839,0,0,0
s=2238,255,0,0,0,0
s=1905,281,0,0,0,0
s=1905,281,1261,0,0,0
s=1905,281,0,0,0,0
s=1930,281,0,0,0,0
s=1930,281,1317,0,0,0
s=1930,281,0,0,0,0
s=2186,76,0,0,0,0
s=2186,76,1641,0,0,0
s=2186,76,0,0,0,0
s=1930,588,0,0,0,0
s=1930,588,1345,0,0,0
s=1930,588,0,0,0,0
s=1956,25,0,0,0,0
s=1956,25,1331,0,0,0
s=1956,25,0,0,0,0
s=2110,25,0,0,0,0
s=2110,25,1895,0,0,0
s=2110,25,0,0,0,0
s=1930,358,0,0,0,0
s=1930,358,1247,0,0,0
s=1930,358,0,0,0,0
s=1956,358,0,0,0,0
s=1956,358,1219,0,0,0
s=1956,358,0,0,0,0
s=2007,588,0,0,0,0
s=2007,588,1275,0,0,0
s=2007,588,0,0,0,0
s=2289,435,0,0,0,0
s=2289,435,1543,0,0,0
s=2289,435,0,0,0,0
s=2570,767,0,0,0,0
s=2570,767,1698,0,0,0
s=2570,767,0,0,0,0
s=2238,179,0,0,0,0
s=2238,179,1345,0,0,0
s=2238,179,0,0,0,0
s=1828,588,0,0,0,0
s=1828,588,1261,0,0,0
s=1828,588,0,0,0,0
s=1879,307,0,0,0,0
s=1879,307,1247,0,0,0
s=1879,307,0,0,0,0
s=2110,76,0,0,0,0
s=2110,76,1444,0,0,0
s=2110,76,0,0,0,0
s=2417,0,0,0,0,0
s=2417,0,2375,0,0,0
s=2417,0,0,0,0,0
s=2621,460,0,0,0,0
s=2621,460,2544,0,0,0
s=2621,460,0,0,0,0
s=2417,486,0,0,0,0
s=2417,486,2149,0,0,0
s=2417,486,0,0,0,0
s=2570,127,0,0,0,0
s=2570,127,1444,0,0,0
s=2570,127,0,0,0,0
s=2698,255,0,0,0,0
s=2698,255,1486,0,0,0
s=2698,255,0,0,0,0
s=2519,793,0,0,0,0
s=2519,793,1684,0,0,0
s=2519,793,0,0,0,0
s=2289,127,0,0,0,0
s=2289,127,2064,0,0,0
s=2289,127,0,0,0,0
s=2033,332,0,0,0,0
s=2033,332,1402,0,0,0
s=2033,332,0,0,0,0
s=2493,639,0,0,0,0
s=2493,639,1472,0,0,0
s=2493,639,0,0,0,0
s=2417,998,0,0,0,0
s=2417,998,1289,0,0,0
s=2417,998,0,0,0,0
s=1982,0,0,0,0,0
s=1982,0,1895,0,0,0
s=1982,0,0,0,0,0
s=2161,511,0,0,0,0
s=2161,511,1416,0,0,0
s=2161,511,0,0,0,0
s=2673,51,0,0,0,0
s=2673,51,1952,0,0,0
s=2673,51,0,0,0,0
s=2135,51,0,0,0,0
s=2135,51,1923,0,0,0
s=2135,51,0,0,0,0
s=2545,332,0,0,0,0
s=2545,332,2403,0,0,0
s=2545,332,0,0,0,0
s=2442,819,0,0,0,0
s=2442,819,1515,0,0,0
s=2442,819,0,0,0,0
s=2493,102,0,0,0,0
s=2493,102,1966,0,0,0
s=2493,102,0,0,0,0
s=1982,383,0,0,0,0
s=1982,383,1317,0,0,0
s=1982,383,0,0,0,0
s=2545,255,0,0,0,0
s=2545,255,1952,0,0,0
s=2545,255,0,0,0,0
s=2365,383,0,0,0,0
s=2365,383,1641,0,0,0
s=2365,383,0,0,0,0
s=2442,537,0,0,0,0
s=2442,537,2262,0,0,0
s=2442,537,0,0,0,0
s=2212,358,0,0,0,0
s=2212,358,1444,0,0,0
s=2212,358,0,0,0,0
s=1879,25,0,0,0,0
s=1879,25,1881,0,0,0
s=1879,25,0,0,0,0
s=1521,255,0,0,0,0
s=1521,255,2516,0,0,0
s=1521,255,0,0,0,0
s=2570,793,0,0,0,0
s=2570,793,1768,0,0,0
s=2570,793,0,0,0,0
s=2519,51,0,0,0,0
s=2519,51,2276,0,0,0
s=2519,51,0,0,0,0
s=2007,307,0,0,0,0
s=2007,307,1402,0,0,0
s=2007,307,0,0,0,0
s=2314,511,0,0,0,0
s=2314,511,1557,0,0,0
s=2314,511,0,0,0,0
s=1930,25,0,0,0,0
s=1930,25,1345,0,0,0
s=1930,25,0,0,0,0
s=1905,332,0,0,0,0
s=1905,332,1275,0,0,0
s=1905,332,0,0,0,0
s=2417,639,0,0,0,0
s=2417,639,1374,0,0,0
s=2417,639,0,0,0,0
s=2238,460,0,0,0,0
s=2238,460,1571,0,0,0
s=2238,460,0,0,0,0
s=1879,563,0,0,0,0
s=1879,563,1247,0,0,0
s=1879,563,0,0,0,0
s=2263,358,0,0,0,0
s=2263,358,1656,0,0,0
s=2263,358,0,0,0,0
s=2084,537,0,0,0,0
s=2084,537,1388,0,0,0
s=2084,537,0,0,0,0
s=1470,383,0,0,0,0
s=1470,383,4066,0,0,0
s=1470,383,0,0,0,0
s=2493,691,0,0,0,0
s=2493,691,1303,0,0,0
s=2493,691,0,0,0,0
s=2033,511,0,0,0,0
s=2033,511,1261,0,0,0
s=2033,511,0,0,0,0
s=2007,511,0,0,0,0
s=2007,511,1317,0,0,0
s=2007,511,0,0,0,0
s=2519,537,0,0,0,0
s=2519,537,2459,0,0,0
s=2519,537,0,0,0,0
s=2621,511,0,0,0,0
s=2621,511,2544,0,0,0
s=2621,511,0,0,0,0
s=2033,0,0,0,0,0
s=2033,0,1895,0,0,0
s=2033,0,0,0,0,0
s=1572,691,0,0,0,0
s=1572,691,1388,0,0,0
s=1572,691,0,0,0,0
s=2442,127,0,0,0,0
s=2442,127,1938,0,0,0
s=2442,127,0,0,0,0
s=2545,563,0,0,0,0
s=2545,563,2360,0,0,0
s=2545,563,0,0,0,0
s=2621,0,0,0,0,0
s=2621,0,1966,0,0,0
s=2621,0,0,0,0,0
s=2314,51,0,0,0,0
s=2314,51,2107,0,0,0
s=2314,51,0,0,0,0
s=2033,435,0,0,0,0
s=2033,435,1219,0,0,0
s=2033,435,0,0,0,0
s=2007,563,0,0,0,0
s=2007,563,1261,0,0,0
s=2007,563,0,0,0,0
s=2673,409,0,0,0,0
s=2673,409,2558,0,0,0
s=2673,409,0,0,0,0
s=2161,25,0,0,0,0
s=2161,25,1980,0,0,0
s=2161,25,0,0,0,0
s=2442,332,0,0,0,0
s=2442,332,2290,0,0,0
s=2442,332,0,0,0,0
s=2417,742,0,0,0,0
s=2417,742,1247,0,0,0
s=2417,742,0,0,0,0
s=2570,639,0,0,0,0
s=2570,639,1712,0,0,0
s=2570,639,0,0,0,0
s=1982,588,0,0,0,0
s=1982,588,1275,0,0,0
s=1982,588,0,0,0,0
s=1905,307,0,0,0,0
s=1905,307,1331,0,0,0
s=1905,307,0,0,0,0
s=1495,383,0,0,0,0
s=1495,383,3502,0,0,0
s=1495,383,0,0,0,0
s=2749,281,0,0,0,0
s=2749,281,3376,0,0,0
s=2749,281,0,0,0,0
s=2724,102,0,0,0,0
s=2724,102,4066,0,0,0
s=2724,102,0,0,0,0
s=2212,486,0,0,0,0
s=2212,486,1500,0,0,0
s=2212,486,0,0,0,0
s=2570,537,0,0,0,0
s=2570,537,2417,0,0,0
s=2570,537,0,0,0,0
s=2289,76,0,0,0,0
s=2289,76,2149,0,0,0
s=2289,76,0,0,0,0
s=1879,51,0,0,0,0
s=1879,51,1641,0,0,0
s=1879,51,0,0,0,0
s=2058,409,0,0,0,0
s=2058,409,1331,0,0,0
s=2058,409,0,0,0,0
s=2621,588,0,0,0,0
s=2621,588,2191,0,0,0
s=2621,588,0,0,0,0
s=2698,230,0,0,0,0
s=2698,230,1359,0,0,0
s=2698,230,0,0,0,0
s=2698,153,0,0,0,0
s=2698,153,1797,0,0,0
s=2698,153,0,0,0,0
s=2570,588,0,0,0,0
s=2570,588,2177,0,0,0
s=2570,588,0,0,0,0
s=2442,307,0,0,0,0
s=2442,307,2191,0,0,0
s=2442,307,0,0,0,0
s=2621,691,0,0,0,0
s=2621,691,1472,0,0,0
s=2621,691,0,0,0,0
s=1521,179,0,0,0,0
s=1521,179,3488,0,0,0
s=1521,179,0,0,0,0
s=2570,691,0,0,0,0
s=2570,691,1726,0,0,0
s=2570,691,0,0,0,0
s=2084,76,0,0,0,0
s=2084,76,1585,0,0,0
s=2084,76,0,0,0,0
s=2084,51,0,0,0,0
s=2084,51,1754,0,0,0
s=2084,51,0,0,0,0
s=2365,307,0,0,0,0
s=2365,307,2163,0,0,0
s=2365,307,0,0,0,0
s=2647,895,0,0,0,0
s=2647,895,4080,0,0,0
s=2647,895,0,0,0,0
s=2493,25,0,0,0,0
s=2493,25,2332,0,0,0
s=2493,25,0,0,0,0
s=2442,665,0,0,0,0
s=2442,665,1303,0,0,0
s=2442,665,0,0,0,0
s=1495,230,0,0,0,0
s=1495,230,4080,0,0,0
s=1495,230,0,0,0,0
s=2749,332,0,0,0,0
s=2749,332,4080,0,0,0
s=2749,332,0,0,0,0
s=1956,51,0,0,0,0
s=1956,51,1444,0,0,0
s=1956,51,0,0,0,0
s=1777,51,0,0,0,0
s=1777,51,1670,0,0,0
s=1777,51,0,0,0,0
s=2263,614,0,0,0,0
s=2263,614,1317,0,0,0
s=2263,614,0,0,0,0
s=1956,307,0,0,0,0
s=1956,307,1275,0,0,0
s=1956,307,0,0,0,0
s=2007,486,0,0,0,0
s=2007,486,1289,0,0,0
s=2007,486,0,0,0,0
s=2442,255,0,0,0,0
s=2442,255,1909,0,0,0
s=2442,255,0,0,0,0
s=1930,179,0,0,0,0
s=1930,179,1895,0,0,0
s=1930,179,0,0,0,0
s=1649,844,0,0,0,0
s=1649,844,1599,0,0,0
s=1649,844,0,0,0,0
s=1930,383,0,0,0,0
s=1930,383,1219,0,0,0
s=1930,383,0,0,0,0
s=2289,281,0,0,0,0
s=2289,281,2078,0,0,0
s=2289,281,0,0,0,0
s=2033,563,0,0,0,0
s=2033,563,1247,0,0,0
s=2033,563,0,0,0,0
s=1982,25,0,0,0,0
s=1982,25,2036,0,0,0
s=1982,25,0,0,0,0
s=2673,537,0,0,0,0
s=2673,537,4066,0,0,0
s=2673,537,0,0,0,0
s=1598,844,0,0,0,0
s=1598,844,4066,0,0,0
s=1598,844,0,0,0,0
s=2289,358,0,0,0,0
s=2289,358,1698,0,0,0
s=2289,358,0,0,0,0
s=1546,639,0,0,0,0
s=1546,639,4080,0,0,0
s=1546,639,0,0,0,0
s=1982,614,0,0,0,0
s=1982,614,1388,0,0,0
s=1982,614,0,0,0,0
s=2724,281,0,0,0,0
s=2724,281,1684,0,0,0
s=2724,281,0,0,0,0
s=2186,358,0,0,0,0
s=2186,358,1585,0,0,0
s=2186,358,0,0,0,0
s=2417,946,0,0,0,0
s=2417,946,1388,0,0,0
s=2417,946,0,0,0,0
s=2749,25,0,0,0,0
s=2749,25,4080,0,0,0
s=2749,25,0,0,0,0
s=2033,102,0,0,0,0
s=2033,102,1811,0,0,0
s=2033,102,0,0,0,0
s=2033,409,0,0,0,0
s=2033,409,1317,0,0,0
s=2033,409,0,0,0,0
s=2314,537,0,0,0,0
s=2314,537,1585,0,0,0
s=2314,537,0,0,0,0
s=2238,511,0,0,0,0
s=2238,511,1458,0,0,0
s=2238,511,0,0,0,0
s=2545,844,0,0,0,0
s=2545,844,1627,0,0,0
s=2545,844,0,0,0,0
s=2570,870,0,0,0,0
s=2570,870,1585,0,0,0
s=2570,870,0,0,0,0
s=2340,76,0,0,0,0
s=2340,76,2163,0,0,0
s=2340,76,0,0,0,0
s=2033,537,0,0,0,0
s=2033,537,1261,0,0,0
s=2033,537,0,0,0,0
s=1521,102,0,0,0,0
s=1521,102,4052,0,0,0
s=1521,102,0,0,0,0
s=2212,588,0,0,0,0
s=2212,588,1331,0,0,0
s=2212,588,0,0,0,0
s=2519,665,0,0,0,0
s=2519,665,1275,0,0,0
s=2519,665,0,0,0,0
s=2545,921,0,0,0,0
s=2545,921,4066,0,0,0
s=2545,921,0,0,0,0
s=2391,460,0,0,0,0
s=2391,460,1839,0,0,0
s=2391,460,0,0,0,0
s=2340,0,0,0,0,0
s=2340,0,2149,0,0,0
s=2340,0,0,0,0,0
s=2289,486,0,0,0,0
s=2289,486,1529,0,0,0
s=2289,486,0,0,0,0
s=2596,691,0,0,0,0
s=2596,691,1275,0,0,0
s=2596,691,0,0,0,0
s=1854,153,0,0,0,0
s=1854,153,1670,0,0,0
s=1854,153,0,0,0,0
s=2647,511,0,0,0,0
s=2647,511,2445,0,0,0
s=2647,511,0,0,0,0
s=2007,51,0,0,0,0
s=2007,51,1881,0,0,0
s=2007,51,0,0,0,0
s=2263,511,0,0,0,0
s=2263,511,1486,0,0,0
s=2263,511,0,0,0,0
s=2365,460,0,0,0,0
s=2365,460,1740,0,0,0
s=2365,460,0,0,0,0
s=1521,409,0,0,0,0
s=1521,409,1219,0,0,0
s=1521,409,0,0,0,0
s=2647,742,0,0,0,0
s=2647,742,4080,0,0,0
s=2647,742,0,0,0,0
s=2519,486,0,0,0,0
s=2519,486,2487,0,0,0
s=2519,486,0,0,0,0
s=2212,563,0,0,0,0
s=2212,563,1331,0,0,0
s=2212,563,0,0,0,0
s=2647,486,0,0,0,0
s=2647,486,2473,0,0,0
s=2647,486,0,0,0,0
s=2238,76,0,0,0,0
s=2238,76,2064,0,0,0
s=2238,76,0,0,0,0
s=2186,0,0,0,0,0
s=2186,0,2078,0,0,0
s=2186,0,0,0,0,0
s=2493,767,0,0,0,0
s=2493,767,1684,0,0,0
s=2493,767,0,0,0,0
s=2417,614,0,0,0,0
s=2417,614,1641,0,0,0
s=2417,614,0,0,0,0
s=2493,742,0,0,0,0
s=2493,742,1458,0,0,0
s=2493,742,0,0,0,0
s=2212,614,0,0,0,0
s=2212,614,1261,0,0,0
s=2212,614,0,0,0,0
s=1495,767,0,0,0,0
s=1495,767,4080,0,0,0
s=1495,767,0,0,0,0
s=1956,588,0,0,0,0
s=1956,588,1303,0,0,0
s=1956,588,0,0,0,0
s=1930,153,0,0,0,0
s=1930,153,1923,0,0,0
s=1930,153,0,0,0,0
s=2647,665,0,0,0,0
s=2647,665,3488,0,0,0
s=2647,665,0,0,0,0
s=2161,358,0,0,0,0
s=2161,358,1486,0,0,0
s=2161,358,0,0,0,0
s=1956,332,0,0,0,0
s=1956,332,1261,0,0,0
s=1956,332,0,0,0,0
s=2673,614,0,0,0,0
s=2673,614,4080,0,0,0
s=2673,614,0,0,0,0
s=2289,307,0,0,0,0
s=2289,307,2050,0,0,0
s=2289,307,0,0,0,0
s=2621,127,0,0,0,0
s=2621,127,2431,0,0,0
s=2621,127,0,0,0,0
s=2238,0,0,0,0,0
s=2238,0,2149,0,0,0
s=2238,0,0,0,0,0
s=2340,25,0,0,0,0
s=2340,25,2177,0,0,0
s=2340,25,0,0,0,0
s=2238,409,0,0,0,0
s=2238,409,1557,0,0,0
s=2238,409,0,0,0,0
s=2084,614,0,0,0,0
s=2084,614,1374,0,0,0
s=2084,614,0,0,0,0
s=2289,255,0,0,0,0
s=2289,255,2064,0,0,0
s=2289,255,0,0,0,0
s=2058,511,0,0,0,0
s=2058,511,1289,0,0,0
s=2058,511,0,0,0,0
s=2596,281,0,0,0,0
s=2596,281,1938,0,0,0
s=2596,281,0,0,0,0
s=2340,281,0,0,0,0
s=2340,281,2064,0,0,0
s=2340,281,0,0,0,0
s=2212,25,0,0,0,0
s=2212,25,2078,0,0,0
s=2212,25,0,0,0,0
s=2519,639,0,0,0,0
s=2519,639,1430,0,0,0
s=2519,639,0,0,0,0
s=1572,793,0,0,0,0
s=1572,793,2022,0,0,0
s=1572,793,0,0,0,0
s=1777,102,0,0,0,0
s=1777,102,1641,0,0,0
s=1777,102,0,0,0,0
s=2058,0,0,0,0,0
s=2058,0,1938,0,0,0
s=2058,0,0,0,0,0
s=2545,767,0,0,0,0
s=2545,767,1641,0,0,0
s=2545,767,0,0,0,0
s=2570,51,0,0,0,0
s=2570,51,1500,0,0,0
s=2570,51,0,0,0,0
s=2186,588,0,0,0,0
s=2186,588,1331,0,0,0
s=2186,588,0,0,0,0
s=2186,1023,0,0,0,0
s=2186,1023,4080,0,0,0
s=2186,1023,0,0,0,0
s=2212,435,0,0,0,0
s=2212,435,1444,0,0,0
s=2212,435,0,0,0,0
s=2058,383,0,0,0,0
s=2058,383,1331,0,0,0
s=2058,383,0,0,0,0
s=2314,255,0,0,0,0
s=2314,255,1994,0,0,0
s=2314,255,0,0,0,0
f=1
e=0