r=1000
e=1
s=1665,486,0,0,0,0
s=1665,486,1543,0,0,0
s=1665,486,0,0,0,0
s=1461,332,0,0,0,0
s=1461,332,1613,0,0,0
s=1461,332,0,0,0,0
s=1819,281,0,0,0,0
s=1819,281,2234,0,0,0
s=1819,281,0,0,0,0
s=1538,460,0,0,0,0
s=1538,460,1529,0,0,0
s=1538,460,0,0,0,0
s=1563,332,0,0,0,0
s=1563,332,1543,0,0,0
s=1563,332,0,0,0,0
s=1282,946,0,0,0,0
s=1282,946,1515,0,0,0
s=1282,946,0,0,0,0
s=1358,639,0,0,0,0
s=1358,639,1444,0,0,0
s=1358,639,0,0,0,0
s=1691,0,0,0,0,0
s=1691,0,2262,0,0,0
s=1691,0,0,0,0,0
s=846,153,0,0,0,0
s=846,153,1430,0,0,0
s=846,153,0,0,0,0
s=1717,511,0,0,0,0
s=1717,511,1726,0,0,0
s=1717,511,0,0,0,0
s=1768,946,0,0,0,0
s=1768,946,1416,0,0,0
s=1768,946,0,0,0,0
s=1870,307,0,0,0,0
s=1870,307,2501,0,0,0
s=1870,307,0,0,0,0
s=1793,281,0,0,0,0
s=1793,281,2304,0,0,0
s=1793,281,0,0,0,0
s=1896,819,0,0,0,0
s=1896,819,1656,0,0,0
s=1896,819,0,0,0,0
s=1205,588,0,0,0,0
s=1205,588,1289,0,0,0
s=1205,588,0,0,0,0
s=872,767,0,0,0,0
s=872,767,1331,0,0,0
s=872,767,0,0,0,0
s=1896,409,0,0,0,0
s=1896,409,2558,0,0,0
s=1896,409,0,0,0,0
s=1538,511,0,0,0,0
s=1538,511,1374,0,0,0
s=1538,511,0,0,0,0
s=846,716,0,0,0,0
s=846,716,3376,0,0,0
s=846,716,0,0,0,0
s=821,460,0,0,0,0
s=821,460,1233,0,0,0
s=821,460,0,0,0,0
s=1154,25,0,0,0,0
s=1154,25,1458,0,0,0
s=1154,25,0,0,0,0
s=1256,332,0,0,0,0
s=1256,332,1303,0,0,0
s=1256,332,0,0,0,0
s=1691,153,0,0,0,0
s=1691,153,1331,0,0,0
s=1691,153,0,0,0,0
s=795,511,0,0,0,0
s=795,511,4080,0,0,0
s=795,511,0,0,0,0
s=1307,281,0,0,0,0
s=1307,281,1374,0,0,0
s=1307,281,0,0,0,0
s=1435,153,0,0,0,0
s=1435,153,1303,0,0,0
s=1435,153,0,0,0,0
s=1282,332,0,0,0,0
s=1282,332,1317,0,0,0
s=1282,332,0,0,0,0
s=1435,25,0,0,0,0
s=1435,25,1966,0,0,0
s=1435,25,0,0,0,0
s=1921,972,0,0,0,0
s=1921,972,4080,0,0,0
s=1921,972,0,0,0,0
s=1845,230,0,0,0,0
s=1845,230,1811,0,0,0
s=1845,230,0,0,0,0
s=1538,614,0,0,0,0
s=1538,614,1219,0,0,0
s=1538,614,0,0,0,0
s=1358,511,0,0,0,0
s=1358,511,1261,0,0,0
s=1358,511,0,0,0,0
s=1973,946,0,0,0,0
s=1973,946,4080,0,0,0
s=1973,946,0,0,0,0
s=1665,409,0,0,0,0
s=1665,409,1613,0,0,0
s=1665,409,0,0,0,0
s=1282,588,0,0,0,0
s=1282,588,1345,0,0,0
s=1282,588,0,0,0,0
s=1819,127,0,0,0,0
s=1819,127,1994,0,0,0
s=1819,127,0,0,0,0
s=1845,921,0,0,0,0
s=1845,921,4080,0,0,0
s=1845,921,0,0,0,0
s=1998,25,0,0,0,0
s=1998,25,2036,0,0,0
s=1998,25,0,0,0,0
s=1538,537,0,0,0,0
s=1538,537,1444,0,0,0
s=1538,537,0,0,0,0
s=1640,1023,0,0,0,0
s=1640,1023,4066,0,0,0
s=1640,1023,0,0,0,0
s=2049,127,0,0,0,0
s=2049,127,4080,0,0,0
s=2049,127,0,0,0,0
s=1717,255,0,0,0,0
s=1717,255,2107,0,0,0
s=1717,255,0,0,0,0
s=1845,25,0,0,0,0
s=1845,25,2417,0,0,0
s=1845,25,0,0,0,0
s=846,639,0,0,0,0
s=846,639,4080,0,0,0
s=846,639,0,0,0,0
s=1742,281,0,0,0,0
s=1742,281,2248,0,0,0
s=1742,281,0,0,0,0
s=1870,972,0,0,0,0
s=1870,972,4080,0,0,0
s=1870,972,0,0,0,0
s=1333,255,0,0,0,0
s=1333,255,1247,0,0,0
s=1333,255,0,0,0,0
s=1973,435,0,0,0,0
s=1973,435,4080,0,0,0
s=1973,435,0,0,0,0
s=1051,921,0,0,0,0
s=1051,921,4080,0,0,0
s=1051,921,0,0,0,0
s=1691,25,0,0,0,0
s=1691,25,2234,0,0,0
s=1691,25,0,0,0,0
s=821,204,0,0,0,0
s=821,204,4066,0,0,0
s=821,204,0,0,0,0
s=1179,51,0,0,0,0
s=1179,51,1740,0,0,0
s=1179,51,0,0,0,0
s=1435,51,0,0,0,0
s=1435,51,1966,0,0,0
s=1435,51,0,0,0,0
s=2024,127,0,0,0,0
s=2024,127,4080,0,0,0
s=2024,127,0,0,0,0
s=1461,51,0,0,0,0
s=1461,51,1867,0,0,0
s=1461,51,0,0,0,0
s=1614,460,0,0,0,0
s=1614,460,1529,0,0,0
s=1614,460,0,0,0,0
s=1410,255,0,0,0,0
s=1410,255,1261,0,0,0
s=1410,255,0,0,0,0
s=1921,716,0,0,0,0
s=1921,716,1515,0,0,0
s=1921,716,0,0,0,0
s=1870,255,0,0,0,0
s=1870,255,1994,0,0,0
s=1870,255,0,0,0,0
s=1793,25,0,0,0,0
s=1793,25,2516,0,0,0
s=1793,25,0,0,0,0
s=1486,0,0,0,0,0
s=1486,0,2022,0,0,0
s=1486,0,0,0,0,0
s=1870,76,0,0,0,0
s=1870,76,2177,0,0,0
s=1870,76,0,0,0,0
s=1358,409,0,0,0,0
s=1358,409,1233,0,0,0
s=1358,409,0,0,0,0
s=1512,0,0,0,0,0
s=1512,0,2064,0,0,0
s=1512,0,0,0,0,0
s=821,153,0,0,0,0
s=821,153,4066,0,0,0
s=821,153,0,0,0,0
s=1640,332,0,0,0,0
s=1640,332,1627,0,0,0
s=1640,332,0,0,0,0
s=1589,307,0,0,0,0
s=1589,307,1641,0,0,0
s=1589,307,0,0,0,0
s=1870,102,0,0,0,0
s=1870,102,2107,0,0,0
s=1870,102,0,0,0,0
s=1845,819,0,0,0,0
s=1845,819,1402,0,0,0
s=1845,819,0,0,0,0
s=1768,409,0,0,0,0
s=1768,409,1867,0,0,0
s=1768,409,0,0,0,0
s=1410,460,0,0,0,0
s=1410,460,1317,0,0,0
s=1410,460,0,0,0,0
s=1589,281,0,0,0,0
s=1589,281,1557,0,0,0
s=1589,281,0,0,0,0
s=1307,102,0,0,0,0
s=1307,102,1797,0,0,0
s=1307,102,0,0,0,0
s=1435,102,0,0,0,0
s=1435,102,1853,0,0,0
s=1435,102,0,0,0,0
s=1358,358,0,0,0,0
s=1358,358,1317,0,0,0
s=1358,358,0,0,0,0
s=1410,409,0,0,0,0
s=1410,409,1303,0,0,0
s=1410,409,0,0,0,0
s=821,614,0,0,0,0
s=821,614,4080,0,0,0
s=821,614,0,0,0,0
s=1640,51,0,0,0,0
s=1640,51,2234,0,0,0
s=1640,51,0,0,0,0
s=846,537,0,0,0,0
s=846,537,1839,0,0,0
s=846,537,0,0,0,0
s=1947,511,0,0,0,0
s=1947,511,2403,0,0,0
s=1947,511,0,0,0,0
s=1384,281,0,0,0,0
s=1384,281,1515,0,0,0
s=1384,281,0,0,0,0
s=1870,742,0,0,0,0
s=1870,742,1754,0,0,0
s=1870,742,0,0,0,0
s=1486,281,0,0,0,0
s=1486,281,1472,0,0,0
s=1486,281,0,0,0,0
s=1845,716,0,0,0,0
s=1845,716,1656,0,0,0
s=1845,716,0,0,0,0
s=1947,307,0,0,0,0
s=1947,307,1980,0,0,0
s=1947,307,0,0,0,0
s=1742,25,0,0,0,0
s=1742,25,2403,0,0,0
s=1742,25,0,0,0,0
s=1589,358,0,0,0,0
s=1589,358,1599,0,0,0
s=1589,358,0,0,0,0
s=1793,665,0,0,0,0
s=1793,665,1233,0,0,0
s=1793,665,0,0,0,0
s=1793,435,0,0,0,0
s=1793,435,2107,0,0,0
s=1793,435,0,0,0,0
s=795,332,0,0,0,0
s=795,332,4080,0,0,0
s=795,332,0,0,0,0
s=1640,486,0,0,0,0
s=1640,486,1500,0,0,0
s=1640,486,0,0,0,0
s=1973,486,0,0,0,0
s=1973,486,4080,0,0,0
s=1973,486,0,0,0,0
s=1461,255,0,0,0,0
s=1461,255,1261,0,0,0
s=1461,255,0,0,0,0
s=1742,435,0,0,0,0
s=1742,435,1754,0,0,0
s=1742,435,0,0,0,0
s=1435,511,0,0,0,0
s=1435,511,1331,0,0,0
s=1435,511,0,0,0,0
s=1435,255,0,0,0,0
s=1435,255,1289,0,0,0
s=1435,255,0,0,0,0
s=1179,102,0,0,0,0
s=1179,102,1684,0,0,0
s=1179,102,0,0,0,0
s=1589,25,0,0,0,0
s=1589,25,2149,0,0,0
s=1589,25,0,0,0,0
s=1768,76,0,0,0,0
s=1768,76,2248,0,0,0
s=1768,76,0,0,0,0
s=1384,307,0,0,0,0
s=1384,307,1458,0,0,0
s=1384,307,0,0,0,0
s=1256,307,0,0,0,0
s=1256,307,1275,0,0,0
s=1256,307,0,0,0,0
s=1486,639,0,0,0,0
s=1486,639,1219,0,0,0
s=1486,639,0,0,0,0
s=1768,972,0,0,0,0
s=1768,972,4080,0,0,0
s=1768,972,0,0,0,0
s=2024,281,0,0,0,0
s=2024,281,2022,0,0,0
s=2024,281,0,0,0,0
s=1665,281,0,0,0,0
s=1665,281,2205,0,0,0
s=1665,281,0,0,0,0
s=1512,588,0,0,0,0
s=1512,588,1275,0,0,0
s=1512,588,0,0,0,0
s=1563,358,0,0,0,0
s=1563,358,1543,0,0,0
s=1563,358,0,0,0,0
s=1384,153,0,0,0,0
s=1384,153,1515,0,0,0
s=1384,153,0,0,0,0
s=1154,0,0,0,0,0
s=1154,0,1430,0,0,0
s=1154,0,0,0,0,0
s=1870,614,0,0,0,0
s=1870,614,1641,0,0,0
s=1870,614,0,0,0,0
s=1973,383,0,0,0,0
s=1973,383,2516,0,0,0
s=1973,383,0,0,0,0
s=949,870,0,0,0,0
s=949,870,4080,0,0,0
s=949,870,0,0,0,0
s=1538,486,0,0,0,0
s=1538,486,1472,0,0,0
s=1538,486,0,0,0,0
s=1921,358,0,0,0,0
s=1921,358,2586,0,0,0
s=1921,358,0,0,0,0
s=1896,51,0,0,0,0
s=1896,51,2163,0,0,0
s=1896,51,0,0,0,0
s=1947,895,0,0,0,0
s=1947,895,4080,0,0,0
s=1947,895,0,0,0,0
s=1819,230,0,0,0,0
s=1819,230,1881,0,0,0
s=1819,230,0,0,0,0
s=1640,383,0,0,0,0
s=1640,383,1557,0,0,0
s=1640,383,0,0,0,0
s=1589,563,0,0,0,0
s=1589,563,1331,0,0,0
s=1589,563,0,0,0,0
s=1870,793,0,0,0,0
s=1870,793,1768,0,0,0
s=1870,793,0,0,0,0
s=1461,127,0,0,0,0
s=1461,127,1444,0,0,0
s=1461,127,0,0,0,0
s=1947,255,0,0,0,0
s=1947,255,1853,0,0,0
s=1947,255,0,0,0,0
s=1717,588,0,0,0,0
s=1717,588,1656,0,0,0
s=1717,588,0,0,0,0
s=1742,127,0,0,0,0
s=1742,127,2191,0,0,0
s=1742,127,0,0,0,0
s=1896,230,0,0,0,0
s=1896,230,1938,0,0,0
s=1896,230,0,0,0,0
s=1947,51,0,0,0,0
s=1947,51,2050,0,0,0
s=1947,51,0,0,0,0
s=1896,767,0,0,0,0
s=1896,767,1768,0,0,0
s=1896,767,0,0,0,0
s=1640,358,0,0,0,0
s=1640,358,1571,0,0,0
s=1640,358,0,0,0,0
s=1921,742,0,0,0,0
s=1921,742,1641,0,0,0
s=1921,742,0,0,0,0
s=1921,819,0,0,0,0
s=1921,819,4066,0,0,0
s=1921,819,0,0,0,0
s=1538,563,0,0,0,0
s=1538,563,1345,0,0,0
s=1538,563,0,0,0,0
s=1845,76,0,0,0,0
s=1845,76,2163,0,0,0
s=1845,76,0,0,0,0
s=1179,0,0,0,0,0
s=1179,0,1571,0,0,0
s=1179,0,0,0,0,0
s=1486,383,0,0,0,0
s=1486,383,1472,0,0,0
s=1486,383,0,0,0,0
s=1282,76,0,0,0,0
s=1282,76,1740,0,0,0
s=1282,76,0,0,0,0
s=2024,332,0,0,0,0
s=2024,332,2572,0,0,0
s=2024,332,0,0,0,0
s=1717,76,0,0,0,0
s=1717,76,2318,0,0,0
s=1717,76,0,0,0,0
s=1205,25,0,0,0,0
s=1205,25,1938,0,0,0
s=1205,25,0,0,0,0
s=1973,665,0,0,0,0
s=1973,665,4066,0,0,0
s=1973,665,0,0,0,0
s=1563,307,0,0,0,0
s=1563,307,1543,0,0,0
s=1563,307,0,0,0,0
s=1307,358,0,0,0,0
s=1307,358,1345,0,0,0
s=1307,358,0,0,0,0
s=1870,588,0,0,0,0
s=1870,588,2064,0,0,0
s=1870,588,0,0,0,0
s=1973,716,0,0,0,0
s=1973,716,4066,0,0,0
s=1973,716,0,0,0,0
s=1410,1023,0,0,0,0
s=1410,1023,4080,0,0,0
s=1410,1023,0,0,0,0
s=1205,0,0,0,0,0
s=1205,0,1782,0,0,0
s=1205,0,0,0,0,0
s=1896,511,0,0,0,0
s=1896,511,2530,0,0,0
s=1896,511,0,0,0,0
s=1384,639,0,0,0,0
s=1384,639,1402,0,0,0
s=1384,639,0,0,0,0
s=1282,51,0,0,0,0
s=1282,51,1712,0,0,0
s=1282,51,0,0,0,0
s=1384,76,0,0,0,0
s=1384,76,1740,0,0,0
s=1384,76,0,0,0,0
s=1973,255,0,0,0,0
s=1973,255,1515,0,0,0
s=1973,255,0,0,0,0
s=1307,255,0,0,0,0
s=1307,255,1233,0,0,0
s=1307,255,0,0,0,0
s=1819,537,0,0,0,0
s=1819,537,2276,0,0,0
s=1819,537,0,0,0,0
s=1563,0,0,0,0,0
s=1563,0,2149,0,0,0
s=1563,0,0,0,0,0
s=1921,511,0,0,0,0
s=1921,511,2501,0,0,0
s=1921,511,0,0,0,0
s=1589,383,0,0,0,0
s=1589,383,1571,0,0,0
s=1589,383,0,0,0,0
s=1410,25,0,0,0,0
s=1410,25,1966,0,0,0
s=1410,25,0,0,0,0
s=1819,409,0,0,0,0
s=1819,409,2318,0,0,0
s=1819,409,0,0,0,0
s=1947,332,0,0,0,0
s=1947,332,2487,0,0,0
s=1947,332,0,0,0,0
s=1896,25,0,0,0,0
s=1896,25,2219,0,0,0
s=1896,25,0,0,0,0
s=1435,563,0,0,0,0
s=1435,563,1331,0,0,0
s=1435,563,0,0,0,0
s=1512,307,0,0,0,0
s=1512,307,1543,0,0,0
s=1512,307,0,0,0,0
s=1742,409,0,0,0,0
s=1742,409,1726,0,0,0
s=1742,409,0,0,0,0
s=1486,563,0,0,0,0
s=1486,563,1374,0,0,0
s=1486,563,0,0,0,0
s=1947,614,0,0,0,0
s=1947,614,2050,0,0,0
s=1947,614,0,0,0,0
s=1717,998,0,0,0,0
s=1717,998,4080,0,0,0
s=1717,998,0,0,0,0
s=846,691,0,0,0,0
s=846,691,3376,0,0,0
s=846,691,0,0,0,0
s=1563,25,0,0,0,0
s=1563,25,2107,0,0,0
s=1563,25,0,0,0,0
s=1512,614,0,0,0,0
s=1512,614,1289,0,0,0
s=1512,614,0,0,0,0
s=1998,76,0,0,0,0
s=1998,76,2262,0,0,0
s=1998,76,0,0,0,0
s=1563,102,0,0,0,0
s=1563,102,1430,0,0,0
s=1563,102,0,0,0,0
s=1819,332,0,0,0,0
s=1819,332,2487,0,0,0
s=1819,332,0,0,0,0
s=1947,435,0,0,0,0
s=1947,435,2544,0,0,0
s=1947,435,0,0,0,0
s=1589,537,0,0,0,0
s=1589,537,1359,0,0,0
s=1589,537,0,0,0,0
s=846,614,0,0,0,0
s=846,614,4080,0,0,0
s=846,614,0,0,0,0
s=1410,511,0,0,0,0
s=1410,511,1388,0,0,0
s=1410,511,0,0,0,0
s=1461,639,0,0,0,0
s=1461,639,1317,0,0,0
s=1461,639,0,0,0,0
s=1589,588,0,0,0,0
s=1589,588,1331,0,0,0
s=1589,588,0,0,0,0
s=1845,895,0,0,0,0
s=1845,895,1472,0,0,0
s=1845,895,0,0,0,0
s=821,511,0,0,0,0
s=821,511,1881,0,0,0
s=821,511,0,0,0,0
s=1870,383,0,0,0,0
s=1870,383,2628,0,0,0
s=1870,383,0,0,0,0
s=1256,25,0,0,0,0
s=1256,25,1839,0,0,0
s=1256,25,0,0,0,0
s=1947,281,0,0,0,0
s=1947,281,2064,0,0,0
s=1947,281,0,0,0,0
s=1640,76,0,0,0,0
s=1640,76,2205,0,0,0
s=1640,76,0,0,0,0
s=1947,179,0,0,0,0
s=1947,179,1641,0,0,0
s=1947,179,0,0,0,0
s=1896,102,0,0,0,0
s=1896,102,2022,0,0,0
s=1896,102,0,0,0,0
s=2024,716,0,0,0,0
s=2024,716,4080,0,0,0
s=2024,716,0,0,0,0
s=1742,153,0,0,0,0
s=1742,153,1472,0,0,0
s=1742,153,0,0,0,0
s=1538,0,0,0,0,0
s=1538,0,2107,0,0,0
s=1538,0,0,0,0,0
s=1819,435,0,0,0,0
s=1819,435,2290,0,0,0
s=1819,435,0,0,0,0
s=1947,409,0,0,0,0
s=1947,409,2572,0,0,0
s=1947,409,0,0,0,0
s=1384,1023,0,0,0,0
s=1384,1023,4080,0,0,0
s=1384,1023,0,0,0,0
s=1205,946,0,0,0,0
s=1205,946,3460,0,0,0
s=1205,946,0,0,0,0
s=1410,639,0,0,0,0
s=1410,639,1275,0,0,0
s=1410,639,0,0,0,0
s=1921,588,0,0,0,0
s=1921,588,2121,0,0,0
s=1921,588,0,0,0,0
s=846,793,0,0,0,0
s=846,793,4080,0,0,0
s=846,793,0,0,0,0
s=1538,25,0,0,0,0
s=1538,25,2064,0,0,0
s=1538,25,0,0,0,0
s=1512,409,0,0,0,0
s=1512,409,1416,0,0,0
s=1512,409,0,0,0,0
s=1793,563,0,0,0,0
s=1793,563,2093,0,0,0
s=1793,563,0,0,0,0
s=1947,537,0,0,0,0
s=1947,537,2304,0,0,0
s=1947,537,0,0,0,0
s=872,614,0,0,0,0
s=872,614,1345,0,0,0
s=872,614,0,0,0,0
s=1998,51,0,0,0,0
s=1998,51,2163,0,0,0
s=1998,51,0,0,0,0
s=1333,383,0,0,0,0
s=1333,383,1233,0,0,0
s=1333,383,0,0,0,0
s=1461,588,0,0,0,0
s=1461,588,1317,0,0,0
s=1461,588,0,0,0,0
s=2024,614,0,0,0,0
s=2024,614,4080,0,0,0
s=2024,614,0,0,0,0
s=2049,665,0,0,0,0
s=2049,665,4080,0,0,0
s=2049,665,0,0,0,0
s=1845,511,0,0,0,0
s=1845,511,2403,0,0,0
s=1845,511,0,0,0,0
s=1947,639,0,0,0,0
s=1947,639,1867,0,0,0
s=1947,639,0,0,0,0
s=1384,998,0,0,0,0
s=1384,998,2205,0,0,0
s=1384,998,0,0,0,0
s=1486,435,0,0,0,0
s=1486,435,1444,0,0,0
s=1486,435,0,0,0,0
s=1947,25,0,0,0,0
s=1947,25,1500,0,0,0
s=1947,25,0,0,0,0
s=1921,537,0,0,0,0
s=1921,537,2431,0,0,0
s=1921,537,0,0,0,0
s=1563,435,0,0,0,0
s=1563,435,1472,0,0,0
s=1563,435,0,0,0,0
s=1307,563,0,0,0,0
s=1307,563,1430,0,0,0
s=1307,563,0,0,0,0
s=1819,383,0,0,0,0
s=1819,383,2375,0,0,0
s=1819,383,0,0,0,0
s=1589,102,0,0,0,0
s=1589,102,1557,0,0,0
s=1589,102,0,0,0,0
s=821,127,0,0,0,0
s=821,127,4038,0,0,0
s=821,127,0,0,0,0
s=1870,895,0,0,0,0
s=1870,895,1627,0,0,0
s=1870,895,0,0,0,0
s=1768,486,0,0,0,0
s=1768,486,2008,0,0,0
s=1768,486,0,0,0,0
s=1768,614,0,0,0,0
s=1768,614,1416,0,0,0
s=1768,614,0,0,0,0
s=1691,486,0,0,0,0
s=1691,486,1543,0,0,0
s=1691,486,0,0,0,0
s=1896,460,0,0,0,0
s=1896,460,2586,0,0,0
s=1896,460,0,0,0,0
s=1819,76,0,0,0,0
s=1819,76,2107,0,0,0
s=1819,76,0,0,0,0
s=1768,563,0,0,0,0
s=1768,563,1909,0,0,0
s=1768,563,0,0,0,0
s=1179,25,0,0,0,0
s=1179,25,1641,0,0,0
s=1179,25,0,0,0,0
s=1358,153,0,0,0,0
s=1358,153,2008,0,0,0
s=1358,153,0,0,0,0
s=1665,435,0,0,0,0
s=1665,435,1684,0,0,0
s=1665,435,0,0,0,0
s=1307,511,0,0,0,0
s=1307,511,1233,0,0,0
s=1307,511,0,0,0,0
s=1998,153,0,0,0,0
s=1998,153,4080,0,0,0
s=1998,153,0,0,0,0
s=1793,409,0,0,0,0
s=1793,409,2050,0,0,0
s=1793,409,0,0,0,0
s=1205,614,0,0,0,0
s=1205,614,1219,0,0,0
s=1205,614,0,0,0,0
s=1589,486,0,0,0,0
s=1589,486,1529,0,0,0
s=1589,486,0,0,0,0
s=1512,281,0,0,0,0
s=1512,281,1557,0,0,0
s=1512,281,0,0,0,0
s=1333,0,0,0,0,0
s=1333,0,1303,0,0,0
s=1333,0,0,0,0,0
s=1819,639,0,0,0,0
s=1819,639,1345,0,0,0
s=1819,639,0,0,0,0
s=1870,767,0,0,0,0
s=1870,767,1656,0,0,0
s=1870,767,0,0,0,0
s=1793,460,0,0,0,0
s=1793,460,2093,0,0,0
s=1793,460,0,0,0,0
s=2049,307,0,0,0,0
s=2049,307,3531,0,0,0
s=2049,307,0,0,0,0
s=1358,281,0,0,0,0
s=1358,281,1331,0,0,0
s=1358,281,0,0,0,0
s=1512,358,0,0,0,0
s=1512,358,1543,0,0,0
s=1512,358,0,0,0,0
s=1461,307,0,0,0,0
s=1461,307,1571,0,0,0
s=1461,307,0,0,0,0
s=1819,946,0,0,0,0
s=1819,946,2050,0,0,0
s=1819,946,0,0,0,0
s=1512,255,0,0,0,0
s=1512,255,1430,0,0,0
s=1512,255,0,0,0,0
s=1819,665,0,0,0,0
s=1819,665,1317,0,0,0
s=1819,665,0,0,0,0
s=821,179,0,0,0,0
s=821,179,4080,0,0,0
s=821,179,0,0,0,0
s=1614,307,0,0,0,0
s=1614,307,1613,0,0,0
s=1614,307,0,0,0,0
s=1819,588,0,0,0,0
s=1819,588,1853,0,0,0
s=1819,588,0,0,0,0
s=1256,946,0,0,0,0
s=1256,946,1515,0,0,0
s=1256,946,0,0,0,0
s=1384,332,0,0,0,0
s=1384,332,1472,0,0,0
s=1384,332,0,0,0,0
s=1665,588,0,0,0,0
s=1665,588,1444,0,0,0
s=1665,588,0,0,0,0
s=1973,691,0,0,0,0
s=1973,691,4066,0,0,0
s=1973,691,0,0,0,0
s=1614,409,0,0,0,0
s=1614,409,1557,0,0,0
s=1614,409,0,0,0,0
s=1691,51,0,0,0,0
s=1691,51,2318,0,0,0
s=1691,51,0,0,0,0
s=1282,537,0,0,0,0
s=1282,537,1289,0,0,0
s=1282,537,0,0,0,0
s=1870,691,0,0,0,0
s=1870,691,1529,0,0,0
s=1870,691,0,0,0,0
s=872,563,0,0,0,0
s=872,563,1331,0,0,0
s=872,563,0,0,0,0
s=1845,460,0,0,0,0
s=1845,460,2431,0,0,0
s=1845,460,0,0,0,0
s=1589,76,0,0,0,0
s=1589,76,1754,0,0,0
s=1589,76,0,0,0,0
s=1461,537,0,0,0,0
s=1461,537,1430,0,0,0
s=1461,537,0,0,0,0
s=1640,511,0,0,0,0
s=1640,511,1500,0,0,0
s=1640,511,0,0,0,0
s=1921,460,0,0,0,0
s=1921,460,2586,0,0,0
s=1921,460,0,0,0,0
s=1486,358,0,0,0,0
s=1486,358,1529,0,0,0
s=1486,358,0,0,0,0
s=1998,614,0,0,0,0
s=1998,614,3770,0,0,0
s=1998,614,0,0,0,0
s=1845,255,0,0,0,0
s=1845,255,2008,0,0,0
s=1845,255,0,0,0,0
s=1793,511,0,0,0,0
s=1793,511,2163,0,0,0
s=1793,511,0,0,0,0
s=1307,153,0,0,0,0
s=1307,153,1698,0,0,0
s=1307,153,0,0,0,0
s=846,588,0,0,0,0
s=846,588,4080,0,0,0
s=846,588,0,0,0,0
s=1435,76,0,0,0,0
s=1435,76,1909,0,0,0
s=1435,76,0,0,0,0
s=1640,614,0,0,0,0
s=1640,614,1219,0,0,0
s=1640,614,0,0,0,0
s=1819,51,0,0,0,0
s=1819,51,2318,0,0,0
s=1819,51,0,0,0,0
s=1742,486,0,0,0,0
s=1742,486,1811,0,0,0
s=1742,486,0,0,0,0
s=1998,179,0,0,0,0
s=1998,179,1374,0,0,0
s=1998,179,0,0,0,0
s=1512,537,0,0,0,0
s=1512,537,1458,0,0,0
s=1512,537,0,0,0,0
s=1486,511,0,0,0,0
s=1486,511,1331,0,0,0
s=1486,511,0,0,0,0
s=1538,435,0,0,0,0
s=1538,435,1486,0,0,0
s=1538,435,0,0,0,0
s=1589,1074,0,0,0,0
s=1589,1074,4066,0,0,0
s=1589,1074,0,0,0,0
s=1307,0,0,0,0,0
s=1307,0,1374,0,0,0
s=1307,0,0,0,0,0
s=1358,486,0,0,0,0
s=1358,486,1275,0,0,0
s=1358,486,0,0,0,0
s=1307,76,0,0,0,0
s=1307,76,1317,0,0,0
s=1307,76,0,0,0,0
s=1410,486,0,0,0,0
s=1410,486,1317,0,0,0
s=1410,486,0,0,0,0
s=1845,102,0,0,0,0
s=1845,102,2036,0,0,0
s=1845,102,0,0,0,0
s=1410,76,0,0,0,0
s=1410,76,1867,0,0,0
s=1410,76,0,0,0,0
s=1230,946,0,0,0,0
s=1230,946,1543,0,0,0
s=1230,946,0,0,0,0
s=1870,563,0,0,0,0
s=1870,563,2276,0,0,0
s=1870,563,0,0,0,0
s=1768,383,0,0,0,0
s=1768,383,1754,0,0,0
s=1768,383,0,0,0,0
s=1665,460,0,0,0,0
s=1665,460,1571,0,0,0
s=1665,460,0,0,0,0
s=1845,383,0,0,0,0
s=1845,383,2530,0,0,0
s=1845,383,0,0,0,0
s=2049,691,0,0,0,0
s=2049,691,4080,0,0,0
s=2049,691,0,0,0,0
s=872,716,0,0,0,0
s=872,716,1317,0,0,0
s=872,716,0,0,0,0
s=1921,895,0,0,0,0
s=1921,895,4080,0,0,0
s=1921,895,0,0,0,0
s=1973,921,0,0,0,0
s=1973,921,4080,0,0,0
s=1973,921,0,0,0,0
s=1205,563,0,0,0,0
s=1205,563,1303,0,0,0
s=1205,563,0,0,0,0
s=1256,255,0,0,0,0
s=1256,255,1247,0,0,0
s=1256,255,0,0,0,0
s=949,895,0,0,0,0
s=949,895,4080,0,0,0
s=949,895,0,0,0,0
s=1819,716,0,0,0,0
s=1819,716,1515,0,0,0
s=1819,716,0,0,0,0
s=2049,76,0,0,0,0
s=2049,76,4052,0,0,0
s=2049,76,0,0,0,0
s=1435,460,0,0,0,0
s=1435,460,1359,0,0,0
s=1435,460,0,0,0,0
s=1410,0,0,0,0,0
s=1410,0,1952,0,0,0
s=1410,0,0,0,0,0
s=1384,460,0,0,0,0
s=1384,460,1303,0,0,0
s=1384,460,0,0,0,0
s=1896,383,0,0,0,0
s=1896,383,2600,0,0,0
s=1896,383,0,0,0,0
s=1973,230,0,0,0,0
s=1973,230,1444,0,0,0
s=1973,230,0,0,0,0
s=1333,127,0,0,0,0
s=1333,127,1797,0,0,0
s=1333,127,0,0,0,0
s=1384,25,0,0,0,0
s=1384,25,2050,0,0,0
s=1384,25,0,0,0,0
s=1205,76,0,0,0,0
s=1205,76,1811,0,0,0
s=1205,76,0,0,0,0
s=1973,281,0,0,0,0
s=1973,281,1684,0,0,0
s=1973,281,0,0,0,0
s=1282,383,0,0,0,0
s=1282,383,1219,0,0,0
s=1282,383,0,0,0,0
s=1973,0,0,0,0,0
s=1973,0,1557,0,0,0
s=1973,0,0,0,0,0
s=846,511,0,0,0,0
s=846,511,1289,0,0,0
s=846,511,0,0,0,0
s=1768,102,0,0,0,0
s=1768,102,2191,0,0,0
s=1768,102,0,0,0,0
s=1128,614,0,0,0,0
s=1128,614,1233,0,0,0
s=1128,614,0,0,0,0
s=1768,127,0,0,0,0
s=1768,127,2205,0,0,0
s=1768,127,0,0,0,0
s=1282,614,0,0,0,0
s=1282,614,1275,0,0,0
s=1282,614,0,0,0,0
s=1717,563,0,0,0,0
s=1717,563,1670,0,0,0
s=1717,563,0,0,0,0
s=1256,563,0,0,0,0
s=1256,563,1331,0,0,0
s=1256,563,0,0,0,0
s=821,358,0,0,0,0
s=821,358,1613,0,0,0
s=821,358,0,0,0,0
s=1870,511,0,0,0,0
s=1870,511,2459,0,0,0
s=1870,511,0,0,0,0
s=1563,486,0,0,0,0
s=1563,486,1543,0,0,0
s=1563,486,0,0,0,0
s=1870,0,0,0,0,0
s=1870,0,2318,0,0,0
s=1870,0,0,0,0,0
s=1973,767,0,0,0,0
s=1973,767,4080,0,0,0
s=1973,767,0,0,0,0
s=1307,383,0,0,0,0
s=1307,383,1331,0,0,0
s=1307,383,0,0,0,0
s=1179,588,0,0,0,0
s=1179,588,1219,0,0,0
s=1179,588,0,0,0,0
s=1742,588,0,0,0,0
s=1742,588,1782,0,0,0
s=1742,588,0,0,0,0
s=1282,102,0,0,0,0
s=1282,102,1867,0,0,0
s=1282,102,0,0,0,0
s=1486,486,0,0,0,0
s=1486,486,1345,0,0,0
s=1486,486,0,0,0,0
s=1768,281,0,0,0,0
s=1768,281,2248,0,0,0
s=1768,281,0,0,0,0
s=1614,998,0,0,0,0
s=1614,998,1261,0,0,0
s=1614,998,0,0,0,0
s=1461,486,0,0,0,0
s=1461,486,1359,0,0,0
s=1461,486,0,0,0,0
s=1614,358,0,0,0,0
s=1614,358,1543,0,0,0
s=1614,358,0,0,0,0
s=1589,1049,0,0,0,0
s=1589,1049,4080,0,0,0
s=1589,1049,0,0,0,0
s=1384,511,0,0,0,0
s=1384,511,1402,0,0,0
s=1384,511,0,0,0,0
s=1435,614,0,0,0,0
s=1435,614,1233,0,0,0
s=1435,614,0,0,0,0
s=1230,281,0,0,0,0
s=1230,281,1233,0,0,0
s=1230,281,0,0,0,0
s=1435,588,0,0,0,0
s=1435,588,1289,0,0,0
s=1435,588,0,0,0,0
s=1921,767,0,0,0,0
s=1921,767,1712,0,0,0
s=1921,767,0,0,0,0
s=1973,614,0,0,0,0
s=1973,614,3263,0,0,0
s=1973,614,0,0,0,0
s=1358,25,0,0,0,0
s=1358,25,1966,0,0,0
s=1358,25,0,0,0,0
s=872,639,0,0,0,0
s=872,639,4066,0,0,0
s=872,639,0,0,0,0
s=1410,588,0,0,0,0
s=1410,588,1345,0,0,0
s=1410,588,0,0,0,0
s=1973,358,0,0,0,0
s=1973,358,2544,0,0,0
s=1973,358,0,0,0,0
s=1896,486,0,0,0,0
s=1896,486,2572,0,0,0
s=1896,486,0,0,0,0
s=1230,0,0,0,0,0
s=1230,0,1881,0,0,0
s=1230,0,0,0,0,0
s=1563,563,0,0,0,0
s=1563,563,1388,0,0,0
s=1563,563,0,0,0,0
s=1512,486,0,0,0,0
s=1512,486,1416,0,0,0
s=1512,486,0,0,0,0
s=1614,537,0,0,0,0
s=1614,537,1458,0,0,0
s=1614,537,0,0,0,0
s=1896,281,0,0,0,0
s=1896,281,2064,0,0,0
s=1896,281,0,0,0,0
s=1461,25,0,0,0,0
s=1461,25,1938,0,0,0
s=1461,25,0,0,0,0
s=821,51,0,0,0,0
s=821,51,4066,0,0,0
s=821,51,0,0,0,0
s=1819,102,0,0,0,0
s=1819,102,2008,0,0,0
s=1819,102,0,0,0,0
s=1870,358,0,0,0,0
s=1870,358,2614,0,0,0
s=1870,358,0,0,0,0
s=1742,307,0,0,0,0
s=1742,307,2346,0,0,0
s=1742,307,0,0,0,0
s=1998,665,0,0,0,0
s=1998,665,4080,0,0,0
s=1998,665,0,0,0,0
s=1307,51,0,0,0,0
s=1307,51,1472,0,0,0
s=1307,51,0,0,0,0
s=1461,511,0,0,0,0
s=1461,511,1374,0,0,0
s=1461,511,0,0,0,0
s=1614,332,0,0,0,0
s=1614,332,1557,0,0,0
s=1614,332,0,0,0,0
s=1154,102,0,0,0,0
s=1154,102,1472,0,0,0
s=1154,102,0,0,0,0
s=1768,51,0,0,0,0
s=1768,51,2403,0,0,0
s=1768,51,0,0,0,0
s=1665,614,0,0,0,0
s=1665,614,1317,0,0,0
s=1665,614,0,0,0,0
s=1358,383,0,0,0,0
s=1358,383,1331,0,0,0
s=1358,383,0,0,0,0
s=1870,844,0,0,0,0
s=1870,844,1331,0,0,0
s=1870,844,0,0,0,0
s=1717,460,0,0,0,0
s=1717,460,1684,0,0,0
s=1717,460,0,0,0,0
s=1691,332,0,0,0,0
s=1691,332,2107,0,0,0
s=1691,332,0,0,0,0
s=1973,537,0,0,0,0
s=1973,537,4066,0,0,0
s=1973,537,0,0,0,0
s=1793,255,0,0,0,0
s=1793,255,2107,0,0,0
s=1793,255,0,0,0,0
s=1921,614,0,0,0,0
s=1921,614,1754,0,0,0
s=1921,614,0,0,0,0
s=1307,614,0,0,0,0
s=1307,614,1247,0,0,0
s=1307,614,0,0,0,0
s=1461,563,0,0,0,0
s=1461,563,1331,0,0,0
s=1461,563,0,0,0,0
s=1333,25,0,0,0,0
s=1333,25,1233,0,0,0
s=1333,25,0,0,0,0
s=1282,153,0,0,0,0
s=1282,153,1458,0,0,0
s=1282,153,0,0,0,0
s=1179,76,0,0,0,0
s=1179,76,1712,0,0,0
s=1179,76,0,0,0,0
s=1256,460,0,0,0,0
s=1256,460,1219,0,0,0
s=1256,460,0,0,0,0
s=1742,563,0,0,0,0
s=1742,563,1782,0,0,0
s=1742,563,0,0,0,0
s=1486,332,0,0,0,0
s=1486,332,1557,0,0,0
s=1486,332,0,0,0,0
s=1333,153,0,0,0,0
s=1333,153,2093,0,0,0
s=1333,153,0,0,0,0
s=872,665,0,0,0,0
s=872,665,4052,0,0,0
s=872,665,0,0,0,0
s=821,486,0,0,0,0
s=821,486,1881,0,0,0
s=821,486,0,0,0,0
s=1947,946,0,0,0,0
s=1947,946,4080,0,0,0
s=1947,946,0,0,0,0
s=1435,486,0,0,0,0
s=1435,486,1359,0,0,0
s=1435,486,0,0,0,0
s=1691,127,0,0,0,0
s=1691,127,2205,0,0,0
s=1691,127,0,0,0,0
s=1486,409,0,0,0,0
s=1486,409,1500,0,0,0
s=1486,409,0,0,0,0
s=1358,0,0,0,0,0
s=1358,0,1881,0,0,0
s=1358,0,0,0,0,0
s=1486,460,0,0,0,0
s=1486,460,1444,0,0,0
s=1486,460,0,0,0,0
s=1307,537,0,0,0,0
s=1307,537,1219,0,0,0
s=1307,537,0,0,0,0
s=1921,793,0,0,0,0
s=1921,793,1909,0,0,0
s=1921,793,0,0,0,0
s=1589,435,0,0,0,0
s=1589,435,1515,0,0,0
s=1589,435,0,0,0,0
s=1589,332,0,0,0,0
s=1589,332,1571,0,0,0
s=1589,332,0,0,0,0
s=1256,281,0,0,0,0
s=1256,281,1261,0,0,0
s=1256,281,0,0,0,0
s=821,281,0,0,0,0
s=821,281,1740,0,0,0
s=821,281,0,0,0,0
s=1640,563,0,0,0,0
s=1640,563,1458,0,0,0
s=1640,563,0,0,0,0
s=1691,76,0,0,0,0
s=1691,76,2262,0,0,0
s=1691,76,0,0,0,0
s=1921,179,0,0,0,0
s=1921,179,1233,0,0,0
s=1921,179,0,0,0,0
s=2024,25,0,0,0,0
s=2024,25,2262,0,0,0
s=2024,25,0,0,0,0
s=1614,511,0,0,0,0
s=1614,511,1458,0,0,0
s=1614,511,0,0,0,0
s=1665,51,0,0,0,0
s=1665,51,2262,0,0,0
s=1665,51,0,0,0,0
s=1870,435,0,0,0,0
s=1870,435,2487,0,0,0
s=1870,435,0,0,0,0
s=1896,691,0,0,0,0
s=1896,691,1557,0,0,0
s=1896,691,0,0,0,0
s=1742,358,0,0,0,0
s=1742,358,1839,0,0,0
s=1742,358,0,0,0,0
s=1665,0,0,0,0,0
s=1665,0,2276,0,0,0
s=1665,0,0,0,0,0
s=1973,460,0,0,0,0
s=1973,460,4080,0,0,0
s=1973,460,0,0,0,0
s=1461,409,0,0,0,0
s=1461,409,1416,0,0,0
s=1461,409,0,0,0,0
s=1973,742,0,0,0,0
s=1973,742,4080,0,0,0
s=1973,742,0,0,0,0
s=1358,588,0,0,0,0
s=1358,588,1331,0,0,0
s=1358,588,0,0,0,0
s=1947,358,0,0,0,0
s=1947,358,2558,0,0,0
s=1947,358,0,0,0,0
s=1896,921,0,0,0,0
s=1896,921,4038,0,0,0
s=1896,921,0,0,0,0
s=1282,358,0,0,0,0
s=1282,358,1317,0,0,0
s=1282,358,0,0,0,0
s=1384,588,0,0,0,0
s=1384,588,1303,0,0,0
s=1384,588,0,0,0,0
s=1768,588,0,0,0,0
s=1768,588,1811,0,0,0
s=1768,588,0,0,0,0
s=1614,383,0,0,0,0
s=1614,383,1557,0,0,0
s=1614,383,0,0,0,0
s=1282,127,0,0,0,0
s=1282,127,1543,0,0,0
s=1282,127,0,0,0,0
s=1435,383,0,0,0,0
s=1435,383,1430,0,0,0
s=1435,383,0,0,0,0
s=1512,25,0,0,0,0
s=1512,25,2036,0,0,0
s=1512,25,0,0,0,0
s=1077,921,0,0,0,0
s=1077,921,4080,0,0,0
s=1077,921,0,0,0,0
s=1256,127,0,0,0,0
s=1256,127,2036,0,0,0
s=1256,127,0,0,0,0
s=1665,511,0,0,0,0
s=1665,511,1529,0,0,0
s=1665,511,0,0,0,0
s=1410,537,0,0,0,0
s=1410,537,1303,0,0,0
s=1410,537,0,0,0,0
s=1230,102,0,0,0,0
s=1230,102,1980,0,0,0
s=1230,102,0,0,0,0
s=1793,383,0,0,0,0
s=1793,383,1980,0,0,0
s=1793,383,0,0,0,0
s=1563,255,0,0,0,0
s=1563,255,1331,0,0,0
s=1563,255,0,0,0,0
s=1921,127,0,0,0,0
s=1921,127,1557,0,0,0
s=1921,127,0,0,0,0
s=1179,127,0,0,0,0
s=1179,127,1726,0,0,0
s=1179,127,0,0,0,0
s=1512,511,0,0,0,0
s=1512,511,1472,0,0,0
s=1512,511,0,0,0,0
s=1538,51,0,0,0,0
s=1538,51,1980,0,0,0
s=1538,51,0,0,0,0
s=1921,870,0,0,0,0
s=1921,870,4066,0,0,0
s=1921,870,0,0,0,0
s=1921,946,0,0,0,0
s=1921,946,4080,0,0,0
s=1921,946,0,0,0,0
s=1845,946,0,0,0,0
s=1845,946,4080,0,0,0
s=1845,946,0,0,0,0
s=1717,281,0,0,0,0
s=1717,281,2219,0,0,0
s=1717,281,0,0,0,0
s=1384,383,0,0,0,0
s=1384,383,1359,0,0,0
s=1384,383,0,0,0,0
s=1947,665,0,0,0,0
s=1947,665,1684,0,0,0
s=1947,665,0,0,0,0
s=1333,358,0,0,0,0
s=1333,358,1317,0,0,0
s=1333,358,0,0,0,0
s=1435,0,0,0,0,0
s=1435,0,2008,0,0,0
s=1435,0,0,0,0,0
s=1973,332,0,0,0,0
s=1973,332,2516,0,0,0
s=1973,332,0,0,0,0
s=1896,844,0,0,0,0
s=1896,844,1627,0,0,0
s=1896,844,0,0,0,0
s=1665,255,0,0,0,0
s=1665,255,2107,0,0,0
s=1665,255,0,0,0,0
s=1333,307,0,0,0,0
s=1333,307,1388,0,0,0
s=1333,307,0,0,0,0
s=1717,383,0,0,0,0
s=1717,383,1670,0,0,0
s=1717,383,0,0,0,0
s=1845,767,0,0,0,0
s=1845,767,1613,0,0,0
s=1845,767,0,0,0,0
s=1896,665,0,0,0,0
s=1896,665,1416,0,0,0
s=1896,665,0,0,0,0
s=1461,0,0,0,0,0
s=1461,0,1966,0,0,0
s=1461,0,0,0,0,0
s=1896,972,0,0,0,0
s=1896,972,4080,0,0,0
s=1896,972,0,0,0,0
s=821,383,0,0,0,0
s=821,383,1458,0,0,0
s=821,383,0,0,0,0
s=1870,537,0,0,0,0
s=1870,537,2445,0,0,0
s=1870,537,0,0,0,0
s=1538,588,0,0,0,0
s=1538,588,1345,0,0,0
s=1538,588,0,0,0,0
s=1358,537,0,0,0,0
s=1358,537,1374,0,0,0
s=1358,537,0,0,0,0
s=1384,255,0,0,0,0
s=1384,255,1359,0,0,0
s=1384,255,0,0,0,0
s=1896,332,0,0,0,0
s=1896,332,2572,0,0,0
s=1896,332,0,0,0,0
s=1717,307,0,0,0,0
s=1717,307,2318,0,0,0
s=1717,307,0,0,0,0
s=1179,153,0,0,0,0
s=1179,153,1726,0,0,0
s=1179,153,0,0,0,0
s=1333,179,0,0,0,0
s=1333,179,1966,0,0,0
s=1333,179,0,0,0,0
s=1973,563,0,0,0,0
s=1973,563,2910,0,0,0
s=1973,563,0,0,0,0
s=1896,614,0,0,0,0
s=1896,614,1557,0,0,0
s=1896,614,0,0,0,0
s=1589,51,0,0,0,0
s=1589,51,2050,0,0,0
s=1589,51,0,0,0,0
s=821,0,0,0,0,0
s=821,0,4080,0,0,0
s=821,0,0,0,0,0
s=1230,614,0,0,0,0
s=1230,614,1303,0,0,0
s=1230,614,0,0,0,0
s=1947,767,0,0,0,0
s=1947,767,1825,0,0,0
s=1947,767,0,0,0,0
s=1486,588,0,0,0,0
s=1486,588,1359,0,0,0
s=1486,588,0,0,0,0
s=1614,588,0,0,0,0
s=1614,588,1289,0,0,0
s=1614,588,0,0,0,0
s=1538,281,0,0,0,0
s=1538,281,1599,0,0,0
s=1538,281,0,0,0,0
s=1742,102,0,0,0,0
s=1742,102,2276,0,0,0
s=1742,102,0,0,0,0
s=1230,179,0,0,0,0
s=1230,179,1952,0,0,0
s=1230,179,0,0,0,0
s=1870,921,0,0,0,0
s=1870,921,4052,0,0,0
s=1870,921,0,0,0,0
s=1538,76,0,0,0,0
s=1538,76,1585,0,0,0
s=1538,76,0,0,0,0
s=1717,435,0,0,0,0
s=1717,435,1656,0,0,0
s=1717,435,0,0,0,0
s=1640,588,0,0,0,0
s=1640,588,1416,0,0,0
s=1640,588,0,0,0,0
s=1665,76,0,0,0,0
s=1665,76,2276,0,0,0
s=1665,76,0,0,0,0
s=1410,307,0,0,0,0
s=1410,307,1529,0,0,0
s=1410,307,0,0,0,0
s=1691,460,0,0,0,0
s=1691,460,1571,0,0,0
s=1691,460,0,0,0,0
s=1742,1023,0,0,0,0
s=1742,1023,4052,0,0,0
s=1742,1023,0,0,0,0
s=1282,307,0,0,0,0
s=1282,307,1388,0,0,0
s=1282,307,0,0,0,0
s=1538,307,0,0,0,0
s=1538,307,1641,0,0,0
s=1538,307,0,0,0,0
s=846,563,0,0,0,0
s=846,563,1317,0,0,0
s=846,563,0,0,0,0
s=1819,460,0,0,0,0
s=1819,460,2360,0,0,0
s=1819,460,0,0,0,0
s=2049,255,0,0,0,0
s=2049,255,4080,0,0,0
s=2049,255,0,0,0,0
s=1973,844,0,0,0,0
s=1973,844,4080,0,0,0
s=1973,844,0,0,0,0
s=1845,409,0,0,0,0
s=1845,409,2459,0,0,0
s=1845,409,0,0,0,0
s=1845,691,0,0,0,0
s=1845,691,1627,0,0,0
s=1845,691,0,0,0,0
s=1230,537,0,0,0,0
s=1230,537,1233,0,0,0
s=1230,537,0,0,0,0
s=1742,255,0,0,0,0
s=1742,255,2107,0,0,0
s=1742,255,0,0,0,0
s=1665,563,0,0,0,0
s=1665,563,1486,0,0,0
s=1665,563,0,0,0,0
s=1205,537,0,0,0,0
s=1205,537,1219,0,0,0
s=1205,537,0,0,0,0
s=1896,716,0,0,0,0
s=1896,716,1557,0,0,0
s=1896,716,0,0,0,0
s=1051,946,0,0,0,0
s=1051,946,4080,0,0,0
s=1051,946,0,0,0,0
s=1691,102,0,0,0,0
s=1691,102,2318,0,0,0
s=1691,102,0,0,0,0
s=1793,639,0,0,0,0
s=1793,639,1345,0,0,0
s=1793,639,0,0,0,0
s=821,742,0,0,0,0
s=821,742,4080,0,0,0
s=821,742,0,0,0,0
s=1512,332,0,0,0,0
s=1512,332,1486,0,0,0
s=1512,332,0,0,0,0
s=1768,153,0,0,0,0
s=1768,153,1500,0,0,0
s=1768,153,0,0,0,0
s=2075,0,0,0,0,0
s=2075,0,4080,0,0,0
s=2075,0,0,0,0,0
s=1538,1074,0,0,0,0
s=1538,1074,4080,0,0,0
s=1538,1074,0,0,0,0
s=1768,435,0,0,0,0
s=1768,435,1853,0,0,0
s=1768,435,0,0,0,0
s=1665,537,0,0,0,0
s=1665,537,1486,0,0,0
s=1665,537,0,0,0,0
s=1947,76,0,0,0,0
s=1947,76,2008,0,0,0
s=1947,76,0,0,0,0
s=1921,76,0,0,0,0
s=1921,76,2008,0,0,0
s=1921,76,0,0,0,0
s=872,691,0,0,0,0
s=872,691,1402,0,0,0
s=872,691,0,0,0,0
s=1256,204,0,0,0,0
s=1256,204,1895,0,0,0
s=1256,204,0,0,0,0
s=1640,307,0,0,0,0
s=1640,307,1839,0,0,0
s=1640,307,0,0,0,0
s=1640,0,0,0,0,0
s=1640,0,2346,0,0,0
s=1640,0,0,0,0,0
s=1563,614,0,0,0,0
s=1563,614,1247,0,0,0
s=1563,614,0,0,0,0
s=1282,460,0,0,0,0
s=1282,460,1219,0,0,0
s=1282,460,0,0,0,0
s=1691,307,0,0,0,0
s=1691,307,2248,0,0,0
s=1691,307,0,0,0,0
s=974,870,0,0,0,0
s=974,870,4080,0,0,0
s=974,870,0,0,0,0
s=1691,588,0,0,0,0
s=1691,588,1543,0,0,0
s=1691,588,0,0,0,0
s=1614,0,0,0,0,0
s=1614,0,2248,0,0,0
s=1614,0,0,0,0,0
s=1614,1023,0,0,0,0
s=1614,1023,1303,0,0,0
s=1614,1023,0,0,0,0
s=1870,127,0,0,0,0
s=1870,127,2177,0,0,0
s=1870,127,0,0,0,0
s=1819,614,0,0,0,0
s=1819,614,1571,0,0,0
s=1819,614,0,0,0,0
s=1870,460,0,0,0,0
s=1870,460,2501,0,0,0
s=1870,460,0,0,0,0
s=1845,332,0,0,0,0
s=1845,332,2473,0,0,0
s=1845,332,0,0,0,0
s=898,844,0,0,0,0
s=898,844,4066,0,0,0
s=898,844,0,0,0,0
s=1538,383,0,0,0,0
s=1538,383,1543,0,0,0
s=1538,383,0,0,0,0
s=1921,639,0,0,0,0
s=1921,639,1472,0,0,0
s=1921,639,0,0,0,0
s=1282,179,0,0,0,0
s=1282,179,2149,0,0,0
s=1282,179,0,0,0,0
s=1154,127,0,0,0,0
s=1154,127,1247,0,0,0
s=1154,127,0,0,0,0
s=1230,332,0,0,0,0
s=1230,332,1233,0,0,0
s=1230,332,0,0,0,0
s=1384,537,0,0,0,0
s=1384,537,1402,0,0,0
s=1384,537,0,0,0,0
s=1921,563,0,0,0,0
s=1921,563,2332,0,0,0
s=1921,563,0,0,0,0
s=1717,25,0,0,0,0
s=1717,25,2304,0,0,0
s=1717,25,0,0,0,0
s=1998,358,0,0,0,0
s=1998,358,4066,0,0,0
s=1998,358,0,0,0,0
s=1256,614,0,0,0,0
s=1256,614,1261,0,0,0
s=1256,614,0,0,0,0
s=1614,435,0,0,0,0
s=1614,435,1557,0,0,0
s=1614,435,0,0,0,0
s=1819,358,0,0,0,0
s=1819,358,2459,0,0,0
s=1819,358,0,0,0,0
s=1845,639,0,0,0,0
s=1845,639,1458,0,0,0
s=1845,639,0,0,0,0
s=1742,230,0,0,0,0
s=1742,230,1529,0,0,0
s=1742,230,0,0,0,0
s=1896,742,0,0,0,0
s=1896,742,1641,0,0,0
s=1896,742,0,0,0,0
s=1998,588,0,0,0,0
s=1998,588,4080,0,0,0
s=1998,588,0,0,0,0
s=1614,281,0,0,0,0
s=1614,281,1656,0,0,0
s=1614,281,0,0,0,0
s=1793,76,0,0,0,0
s=1793,76,2163,0,0,0
s=1793,76,0,0,0,0
s=2049,0,0,0,0,0
s=2049,0,2107,0,0,0
s=2049,0,0,0,0,0
s=1896,0,0,0,0,0
s=1896,0,2177,0,0,0
s=1896,0,0,0,0,0
s=1461,281,0,0,0,0
s=1461,281,1472,0,0,0
s=1461,281,0,0,0,0
s=795,409,0,0,0,0
s=795,409,4080,0,0,0
s=795,409,0,0,0,0
s=1256,51,0,0,0,0
s=1256,51,1726,0,0,0
s=1256,51,0,0,0,0
s=1000,895,0,0,0,0
s=1000,895,1684,0,0,0
s=1000,895,0,0,0,0
s=1819,0,0,0,0,0
s=1819,0,2501,0,0,0
s=1819,0,0,0,0,0
s=1486,76,0,0,0,0
s=1486,76,1599,0,0,0
s=1486,76,0,0,0,0
s=846,230,0,0,0,0
s=846,230,1388,0,0,0
s=846,230,0,0,0,0
s=2049,281,0,0,0,0
s=2049,281,3432,0,0,0
s=2049,281,0,0,0,0
s=1691,255,0,0,0,0
s=1691,255,2135,0,0,0
s=1691,255,0,0,0,0
s=1947,716,0,0,0,0
s=1947,716,1641,0,0,0
s=1947,716,0,0,0,0
s=974,895,0,0,0,0
s=974,895,4080,0,0,0
s=974,895,0,0,0,0
s=1563,537,0,0,0,0
s=1563,537,1430,0,0,0
s=1563,537,0,0,0,0
s=1640,460,0,0,0,0
s=1640,460,1585,0,0,0
s=1640,460,0,0,0,0
s=1589,614,0,0,0,0
s=1589,614,1317,0,0,0
s=1589,614,0,0,0,0
s=1896,307,0,0,0,0
s=1896,307,2487,0,0,0
s=1896,307,0,0,0,0
s=1998,281,0,0,0,0
s=1998,281,1543,0,0,0
s=1998,281,0,0,0,0
s=2024,691,0,0,0,0
s=2024,691,4080,0,0,0
s=2024,691,0,0,0,0
s=1998,0,0,0,0,0
s=1998,0,1966,0,0,0
s=1998,0,0,0,0,0
s=1640,281,0,0,0,0
s=1640,281,2050,0,0,0
s=1640,281,0,0,0,0
s=1410,563,0,0,0,0
s=1410,563,1331,0,0,0
s=1410,563,0,0,0,0
s=2049,25,0,0,0,0
s=2049,25,3728,0,0,0
s=2049,25,0,0,0,0
s=1563,1074,0,0,0,0
s=1563,1074,4080,0,0,0
s=1563,1074,0,0,0,0
s=1717,230,0,0,0,0
s=1717,230,1345,0,0,0
s=1717,230,0,0,0,0
s=1410,383,0,0,0,0
s=1410,383,1374,0,0,0
s=1410,383,0,0,0,0
s=1307,179,0,0,0,0
s=1307,179,2078,0,0,0
s=1307,179,0,0,0,0
s=1691,1023,0,0,0,0
s=1691,1023,4080,0,0,0
s=1691,1023,0,0,0,0
s=1282,563,0,0,0,0
s=1282,563,1331,0,0,0
s=1282,563,0,0,0,0
s=1307,127,0,0,0,0
s=1307,127,1416,0,0,0
s=1307,127,0,0,0,0
s=1819,486,0,0,0,0
s=1819,486,2375,0,0,0
s=1819,486,0,0,0,0
s=1717,51,0,0,0,0
s=1717,51,2332,0,0,0
s=1717,51,0,0,0,0
s=1461,102,0,0,0,0
s=1461,102,1712,0,0,0
s=1461,102,0,0,0,0
s=2024,639,0,0,0,0
s=2024,639,4080,0,0,0
s=2024,639,0,0,0,0
s=2049,230,0,0,0,0
s=2049,230,4080,0,0,0
s=2049,230,0,0,0,0
s=1256,358,0,0,0,0
s=1256,358,1247,0,0,0
s=1256,358,0,0,0,0
s=1563,51,0,0,0,0
s=1563,51,1994,0,0,0
s=1563,51,0,0,0,0
s=1793,307,0,0,0,0
s=1793,307,2375,0,0,0
s=1793,307,0,0,0,0
s=1282,25,0,0,0,0
s=1282,25,1853,0,0,0
s=1282,25,0,0,0,0
s=1768,25,0,0,0,0
s=1768,25,2445,0,0,0
s=1768,25,0,0,0,0
s=1256,179,0,0,0,0
s=1256,179,2008,0,0,0
s=1256,179,0,0,0,0
s=1333,614,0,0,0,0
s=1333,614,1331,0,0,0
s=1333,614,0,0,0,0
s=1589,255,0,0,0,0
s=1589,255,1345,0,0,0
s=1589,255,0,0,0,0
s=1947,563,0,0,0,0
s=1947,563,2163,0,0,0
s=1947,563,0,0,0,0
s=846,204,0,0,0,0
s=846,204,2135,0,0,0
s=846,204,0,0,0,0
s=1435,307,0,0,0,0
s=1435,307,1599,0,0,0
s=1435,307,0,0,0,0
s=1793,614,0,0,0,0
s=1793,614,1472,0,0,0
s=1793,614,0,0,0,0
s=1358,51,0,0,0,0
s=1358,51,1881,0,0,0
s=1358,51,0,0,0,0
s=1870,409,0,0,0,0
s=1870,409,2558,0,0,0
s=1870,409,0,0,0,0
s=1358,127,0,0,0,0
s=1358,127,1670,0,0,0
s=1358,127,0,0,0,0
s=1665,332,0,0,0,0
s=1665,332,1825,0,0,0
s=1665,332,0,0,0,0
s=1793,230,0,0,0,0
s=1793,230,1768,0,0,0
s=1793,230,0,0,0,0
s=1205,127,0,0,0,0
s=1205,127,1641,0,0,0
s=1205,127,0,0,0,0
s=1742,537,0,0,0,0
s=1742,537,1895,0,0,0
s=1742,537,0,0,0,0
s=1742,460,0,0,0,0
s=1742,460,1797,0,0,0
s=1742,460,0,0,0,0
s=1205,153,0,0,0,0
s=1205,153,1726,0,0,0
s=1205,153,0,0,0,0
s=1589,0,0,0,0,0
s=1589,0,2191,0,0,0
s=1589,0,0,0,0,0
s=1819,921,0,0,0,0
s=1819,921,1233,0,0,0
s=1819,921,0,0,0,0
s=1384,409,0,0,0,0
s=1384,409,1303,0,0,0
s=1384,409,0,0,0,0
s=1793,102,0,0,0,0
s=1793,102,2078,0,0,0
s=1793,102,0,0,0,0
s=1742,0,0,0,0,0
s=1742,0,2360,0,0,0
s=1742,0,0,0,0,0
s=1870,486,0,0,0,0
s=1870,486,2516,0,0,0
s=1870,486,0,0,0,0
s=1896,588,0,0,0,0
s=1896,588,2135,0,0,0
s=1896,588,0,0,0,0
s=1998,127,0,0,0,0
s=1998,127,1768,0,0,0
s=1998,127,0,0,0,0
s=1589,511,0,0,0,0
s=1589,511,1444,0,0,0
s=1589,511,0,0,0,0
s=1793,0,0,0,0,0
s=1793,0,2544,0,0,0
s=1793,0,0,0,0,0
s=1793,588,0,0,0,0
s=1793,588,1797,0,0,0
s=1793,588,0,0,0,0
s=1921,281,0,0,0,0
s=1921,281,2093,0,0,0
s=1921,281,0,0,0,0
s=1998,332,0,0,0,0
s=1998,332,2501,0,0,0
s=1998,332,0,0,0,0
s=1691,358,0,0,0,0
s=1691,358,1726,0,0,0
s=1691,358,0,0,0,0
s=1435,358,0,0,0,0
s=1435,358,1472,0,0,0
s=1435,358,0,0,0,0
s=1845,614,0,0,0,0
s=1845,614,1641,0,0,0
s=1845,614,0,0,0,0
s=1845,51,0,0,0,0
s=1845,51,2318,0,0,0
s=1845,51,0,0,0,0
s=1768,307,0,0,0,0
s=1768,307,2318,0,0,0
s=1768,307,0,0,0,0
s=1282,0,0,0,0,0
s=1282,0,1641,0,0,0
s=1282,0,0,0,0,0
s=2024,255,0,0,0,0
s=2024,255,1529,0,0,0
s=2024,255,0,0,0,0
s=1410,358,0,0,0,0
s=1410,358,1472,0,0,0
s=1410,358,0,0,0,0
s=1742,51,0,0,0,0
s=1742,51,2360,0,0,0
s=1742,51,0,0,0,0
s=1896,946,0,0,0,0
s=1896,946,4080,0,0,0
s=1896,946,0,0,0,0
s=1870,665,0,0,0,0
s=1870,665,1416,0,0,0
s=1870,665,0,0,0,0
s=1870,332,0,0,0,0
s=1870,332,2544,0,0,0
s=1870,332,0,0,0,0
s=1486,255,0,0,0,0
s=1486,255,1331,0,0,0
s=1486,255,0,0,0,0
s=1640,409,0,0,0,0
s=1640,409,1627,0,0,0
s=1640,409,0,0,0,0
s=872,588,0,0,0,0
s=872,588,1275,0,0,0
s=872,588,0,0,0,0
s=1921,230,0,0,0,0
s=1921,230,1994,0,0,0
s=1921,230,0,0,0,0
s=1614,255,0,0,0,0
s=1614,255,1599,0,0,0
s=1614,255,0,0,0,0
s=1358,332,0,0,0,0
s=1358,332,1345,0,0,0
s=1358,332,0,0,0,0
s=1333,537,0,0,0,0
s=1333,537,1317,0,0,0
s=1333,537,0,0,0,0
s=1154,51,0,0,0,0
s=1154,51,1529,0,0,0
s=1154,51,0,0,0,0
s=1435,537,0,0,0,0
s=1435,537,1331,0,0,0
s=1435,537,0,0,0,0
s=1333,511,0,0,0,0
s=1333,511,1331,0,0,0
s=1333,511,0,0,0,0
s=1563,76,0,0,0,0
s=1563,76,1684,0,0,0
s=1563,76,0,0,0,0
s=1947,742,0,0,0,0
s=1947,742,1613,0,0,0
s=1947,742,0,0,0,0
s=1819,25,0,0,0,0
s=1819,25,2431,0,0,0
s=1819,25,0,0,0,0
s=1486,537,0,0,0,0
s=1486,537,1402,0,0,0
s=1486,537,0,0,0,0
s=1384,614,0,0,0,0
s=1384,614,1430,0,0,0
s=1384,614,0,0,0,0
s=1845,665,0,0,0,0
s=1845,665,1486,0,0,0
s=1845,665,0,0,0,0
s=1717,614,0,0,0,0
s=1717,614,1472,0,0,0
s=1717,614,0,0,0,0
s=1512,460,0,0,0,0
s=1512,460,1430,0,0,0
s=1512,460,0,0,0,0
s=1691,281,0,0,0,0
s=1691,281,2191,0,0,0
s=1691,281,0,0,0,0
s=1435,639,0,0,0,0
s=1435,639,1275,0,0,0
s=1435,639,0,0,0,0
s=1435,1023,0,0,0,0
s=1435,1023,3249,0,0,0
s=1435,1023,0,0,0,0
s=1998,639,0,0,0,0
s=1998,639,4066,0,0,0
s=1998,639,0,0,0,0
s=1896,895,0,0,0,0
s=1896,895,1811,0,0,0
s=1896,895,0,0,0,0
s=1921,409,0,0,0,0
s=1921,409,2572,0,0,0
s=1921,409,0,0,0,0
s=1768,230,0,0,0,0
s=1768,230,1656,0,0,0
s=1768,230,0,0,0,0
s=1819,767,0,0,0,0
s=1819,767,1331,0,0,0
s=1819,767,0,0,0,0
s=1691,537,0,0,0,0
s=1691,537,1585,0,0,0
s=1691,537,0,0,0,0
s=1845,486,0,0,0,0
s=1845,486,2431,0,0,0
s=1845,486,0,0,0,0
s=1307,25,0,0,0,0
s=1307,25,1402,0,0,0
s=1307,25,0,0,0,0
s=1921,0,0,0,0,0
s=1921,0,1938,0,0,0
s=1921,0,0,0,0,0
s=821,25,0,0,0,0
s=821,25,4080,0,0,0
s=821,25,0,0,0,0
s=1384,563,0,0,0,0
s=1384,563,1331,0,0,0
s=1384,563,0,0,0,0
s=1973,895,0,0,0,0
s=1973,895,4080,0,0,0
s=1973,895,0,0,0,0
s=1435,435,0,0,0,0
s=1435,435,1317,0,0,0
s=1435,435,0,0,0,0
s=1589,409,0,0,0,0
s=1589,409,1543,0,0,0
s=1589,409,0,0,0,0
s=1717,153,0,0,0,0
s=1717,153,1486,0,0,0
s=1717,153,0,0,0,0
s=1691,563,0,0,0,0
s=1691,563,1543,0,0,0
s=1691,563,0,0,0,0
s=1614,127,0,0,0,0
s=1614,127,1529,0,0,0
s=1614,127,0,0,0,0
s=1793,358,0,0,0,0
s=1793,358,2262,0,0,0
s=1793,358,0,0,0,0
s=1819,307,0,0,0,0
s=1819,307,2417,0,0,0
s=1819,307,0,0,0,0
s=1538,1049,0,0,0,0
s=1538,1049,4066,0,0,0
s=1538,1049,0,0,0,0
s=1358,255,0,0,0,0
s=1358,255,1331,0,0,0
s=1358,255,0,0,0,0
s=1512,51,0,0,0,0
s=1512,51,1923,0,0,0
s=1512,51,0,0,0,0
s=1793,972,0,0,0,0
s=1793,972,4066,0,0,0
s=1793,972,0,0,0,0
s=1486,307,0,0,0,0
s=1486,307,1543,0,0,0
s=1486,307,0,0,0,0
s=1230,25,0,0,0,0
s=1230,25,1782,0,0,0
s=1230,25,0,0,0,0
s=1282,204,0,0,0,0
s=1282,204,1641,0,0,0
s=1282,204,0,0,0,0
s=1640,435,0,0,0,0
s=1640,435,1656,0,0,0
s=1640,435,0,0,0,0
s=1230,51,0,0,0,0
s=1230,51,1909,0,0,0
s=1230,51,0,0,0,0
s=1998,307,0,0,0,0
s=1998,307,2389,0,0,0
s=1998,307,0,0,0,0
s=1128,0,0,0,0,0
s=1128,0,1233,0,0,0
s=1128,0,0,0,0,0
s=2049,179,0,0,0,0
s=2049,179,4080,0,0,0
s=2049,179,0,0,0,0
s=1410,435,0,0,0,0
s=1410,435,1317,0,0,0
s=1410,435,0,0,0,0
s=1486,614,0,0,0,0
s=1486,614,1331,0,0,0
s=1486,614,0,0,0,0
s=1819,511,0,0,0,0
s=1819,511,2332,0,0,0
s=1819,511,0,0,0,0
s=1358,665,0,0,0,0
s=1358,665,1289,0,0,0
s=1358,665,0,0,0,0
s=1384,0,0,0,0,0
s=1384,0,1980,0,0,0
s=1384,0,0,0,0,0
s=1333,332,0,0,0,0
s=1333,332,1261,0,0,0
s=1333,332,0,0,0,0
s=1384,51,0,0,0,0
s=1384,51,1966,0,0,0
s=1384,51,0,0,0,0
s=1230,76,0,0,0,0
s=1230,76,2163,0,0,0
s=1230,76,0,0,0,0
s=821,409,0,0,0,0
s=821,409,1345,0,0,0
s=821,409,0,0,0,0
s=1205,179,0,0,0,0
s=1205,179,1712,0,0,0
s=1205,179,0,0,0,0
s=1717,127,0,0,0,0
s=1717,127,2219,0,0,0
s=1717,127,0,0,0,0
s=1333,563,0,0,0,0
s=1333,563,1331,0,0,0
s=1333,563,0,0,0,0
s=1742,76,0,0,0,0
s=1742,76,2346,0,0,0
s=1742,76,0,0,0,0
s=1768,537,0,0,0,0
s=1768,537,2008,0,0,0
s=1768,537,0,0,0,0
s=1461,383,0,0,0,0
s=1461,383,1402,0,0,0
s=1461,383,0,0,0,0
s=1691,383,0,0,0,0
s=1691,383,1627,0,0,0
s=1691,383,0,0,0,0
s=1205,51,0,0,0,0
s=1205,51,1853,0,0,0
s=1205,51,0,0,0,0
s=1947,486,0,0,0,0
s=1947,486,2544,0,0,0
s=1947,486,0,0,0,0
s=1640,102,0,0,0,0
s=1640,102,2219,0,0,0
s=1640,102,0,0,0,0
s=2049,332,0,0,0,0
s=2049,332,4080,0,0,0
s=2049,332,0,0,0,0
s=1742,998,0,0,0,0
s=1742,998,4080,0,0,0
s=1742,998,0,0,0,0
s=1384,127,0,0,0,0
s=1384,127,1811,0,0,0
s=1384,127,0,0,0,0
s=1307,588,0,0,0,0
s=1307,588,1416,0,0,0
s=1307,588,0,0,0,0
s=1486,25,0,0,0,0
s=1486,25,1909,0,0,0
s=1486,25,0,0,0,0
s=1538,409,0,0,0,0
s=1538,409,1500,0,0,0
s=1538,409,0,0,0,0
s=1358,102,0,0,0,0
s=1358,102,1811,0,0,0
s=1358,102,0,0,0,0
s=1640,127,0,0,0,0
s=1640,127,2008,0,0,0
s=1640,127,0,0,0,0
s=1486,102,0,0,0,0
s=1486,102,1374,0,0,0
s=1486,102,0,0,0,0
s=1256,102,0,0,0,0
s=1256,102,2121,0,0,0
s=1256,102,0,0,0,0
s=1845,435,0,0,0,0
s=1845,435,2473,0,0,0
s=1845,435,0,0,0,0
s=2024,204,0,0,0,0
s=2024,204,1839,0,0,0
s=2024,204,0,0,0,0
s=1230,307,0,0,0,0
s=1230,307,1233,0,0,0
s=1230,307,0,0,0,0
s=1845,742,0,0,0,0
s=1845,742,1754,0,0,0
s=1845,742,0,0,0,0
s=1102,921,0,0,0,0
s=1102,921,3249,0,0,0
s=1102,921,0,0,0,0
s=1461,460,0,0,0,0
s=1461,460,1331,0,0,0
s=1461,460,0,0,0,0
s=1947,691,0,0,0,0
s=1947,691,1641,0,0,0
s=1947,691,0,0,0,0
s=1691,614,0,0,0,0
s=1691,614,1444,0,0,0
s=1691,614,0,0,0,0
s=1512,102,0,0,0,0
s=1512,102,1317,0,0,0
s=1512,102,0,0,0,0
s=872,742,0,0,0,0
s=872,742,1331,0,0,0
s=872,742,0,0,0,0
s=2024,51,0,0,0,0
s=2024,51,2248,0,0,0
s=2024,51,0,0,0,0
s=1896,358,0,0,0,0
s=1896,358,2628,0,0,0
s=1896,358,0,0,0,0
s=1947,460,0,0,0,0
s=1947,460,2572,0,0,0
s=1947,460,0,0,0,0
s=1256,0,0,0,0,0
s=1256,0,1839,0,0,0
s=1256,0,0,0,0,0
s=1563,460,0,0,0,0
s=1563,460,1585,0,0,0
s=1563,460,0,0,0,0
s=1410,51,0,0,0,0
s=1410,51,1938,0,0,0
s=1410,51,0,0,0,0
s=1333,588,0,0,0,0
s=1333,588,1345,0,0,0
s=1333,588,0,0,0,0
s=1230,127,0,0,0,0
s=1230,127,1867,0,0,0
s=1230,127,0,0,0,0
s=846,179,0,0,0,0
s=846,179,3150,0,0,0
s=846,179,0,0,0,0
s=1333,51,0,0,0,0
s=1333,51,1500,0,0,0
s=1333,51,0,0,0,0
s=1870,281,0,0,0,0
s=1870,281,2205,0,0,0
s=1870,281,0,0,0,0
s=1870,639,0,0,0,0
s=1870,639,1430,0,0,0
s=1870,639,0,0,0,0
s=1768,255,0,0,0,0
s=1768,255,2093,0,0,0
s=1768,255,0,0,0,0
s=1512,563,0,0,0,0
s=1512,563,1359,0,0,0
s=1512,563,0,0,0,0
s=1614,51,0,0,0,0
s=1614,51,2135,0,0,0
s=1614,51,0,0,0,0
s=1845,0,0,0,0,0
s=1845,0,2346,0,0,0
s=1845,0,0,0,0,0
s=846,767,0,0,0,0
s=846,767,4066,0,0,0
s=846,767,0,0,0,0
s=1640,537,0,0,0,0
s=1640,537,1529,0,0,0
s=1640,537,0,0,0,0
s=1614,102,0,0,0,0
s=1614,102,1895,0,0,0
s=1614,102,0,0,0,0
s=1742,332,0,0,0,0
s=1742,332,2262,0,0,0
s=1742,332,0,0,0,0
s=1768,0,0,0,0,0
s=1768,0,2473,0,0,0
s=1768,0,0,0,0,0
s=1589,127,0,0,0,0
s=1589,127,1303,0,0,0
s=1589,127,0,0,0,0
s=2024,153,0,0,0,0
s=2024,153,4066,0,0,0
s=2024,153,0,0,0,0
s=1921,486,0,0,0,0
s=1921,486,2572,0,0,0
s=1921,486,0,0,0,0
s=1179,179,0,0,0,0
s=1179,179,1247,0,0,0
s=1179,179,0,0,0,0
s=2024,307,0,0,0,0
s=2024,307,2516,0,0,0
s=2024,307,0,0,0,0
s=1717,537,0,0,0,0
s=1717,537,1782,0,0,0
s=1717,537,0,0,0,0
s=1563,511,0,0,0,0
s=1563,511,1444,0,0,0
s=1563,511,0,0,0,0
s=1717,409,0,0,0,0
s=1717,409,1712,0,0,0
s=1717,409,0,0,0,0
s=1665,358,0,0,0,0
s=1665,358,1712,0,0,0
s=1665,358,0,0,0,0
s=1793,537,0,0,0,0
s=1793,537,2177,0,0,0
s=1793,537,0,0,0,0
s=1896,793,0,0,0,0
s=1896,793,1613,0,0,0
s=1896,793,0,0,0,0
s=1717,0,0,0,0,0
s=1717,0,2290,0,0,0
s=1717,0,0,0,0,0
s=1691,511,0,0,0,0
s=1691,511,1670,0,0,0
s=1691,511,0,0,0,0
s=1845,127,0,0,0,0
s=1845,127,1952,0,0,0
s=1845,127,0,0,0,0
s=1819,563,0,0,0,0
s=1819,563,2163,0,0,0
s=1819,563,0,0,0,0
s=1998,102,0,0,0,0
s=1998,102,2078,0,0,0
s=1998,102,0,0,0,0
s=1333,102,0,0,0,0
s=1333,102,1656,0,0,0
s=1333,102,0,0,0,0
s=1691,409,0,0,0,0
s=1691,409,1656,0,0,0
s=1691,409,0,0,0,0
s=1793,51,0,0,0,0
s=1793,51,2346,0,0,0
s=1793,51,0,0,0,0
s=1845,281,0,0,0,0
s=1845,281,2262,0,0,0
s=1845,281,0,0,0,0
s=1947,230,0,0,0,0
s=1947,230,1909,0,0,0
s=1947,230,0,0,0,0
s=821,76,0,0,0,0
s=821,76,4052,0,0,0
s=821,76,0,0,0,0
s=1410,127,0,0,0,0
s=1410,127,1881,0,0,0
s=1410,127,0,0,0,0
s=821,255,0,0,0,0
s=821,255,2783,0,0,0
s=821,255,0,0,0,0
s=1410,153,0,0,0,0
s=1410,153,1585,0,0,0
s=1410,153,0,0,0,0
s=1742,383,0,0,0,0
s=1742,383,1740,0,0,0
s=1742,383,0,0,0,0
s=1333,76,0,0,0,0
s=1333,76,1641,0,0,0
s=1333,76,0,0,0,0
s=1614,563,0,0,0,0
s=1614,563,1345,0,0,0
s=1614,563,0,0,0,0
s=821,230,0,0,0,0
s=821,230,4038,0,0,0
s=821,230,0,0,0,0
s=1793,332,0,0,0,0
s=1793,332,2431,0,0,0
s=1793,332,0,0,0,0
s=1717,102,0,0,0,0
s=1717,102,2318,0,0,0
s=1717,102,0,0,0,0
s=846,127,0,0,0,0
s=846,127,1289,0,0,0
s=846,127,0,0,0,0
s=898,895,0,0,0,0
s=898,895,4080,0,0,0
s=898,895,0,0,0,0
s=1947,588,0,0,0,0
s=1947,588,2107,0,0,0
s=1947,588,0,0,0,0
s=1768,511,0,0,0,0
s=1768,511,1966,0,0,0
s=1768,511,0,0,0,0
s=846,742,0,0,0,0
s=846,742,3347,0,0,0
s=846,742,0,0,0,0
s=1973,793,0,0,0,0
s=1973,793,4080,0,0,0
s=1973,793,0,0,0,0
s=1384,358,0,0,0,0
s=1384,358,1359,0,0,0
s=1384,358,0,0,0,0
s=1793,127,0,0,0,0
s=1793,127,2177,0,0,0
s=1793,127,0,0,0,0
s=1640,1074,0,0,0,0
s=1640,1074,4080,0,0,0
s=1640,1074,0,0,0,0
s=1410,332,0,0,0,0
s=1410,332,1486,0,0,0
s=1410,332,0,0,0,0
s=1665,307,0,0,0,0
s=1665,307,2177,0,0,0
s=1665,307,0,0,0,0
s=1896,563,0,0,0,0
s=1896,563,2403,0,0,0
s=1896,563,0,0,0,0
s=1358,307,0,0,0,0
s=1358,307,1388,0,0,0
s=1358,307,0,0,0,0
s=1461,435,0,0,0,0
s=1461,435,1388,0,0,0
s=1461,435,0,0,0,0
s=821,332,0,0,0,0
s=821,332,1740,0,0,0
s=821,332,0,0,0,0
s=1358,998,0,0,0,0
s=1358,998,4080,0,0,0
s=1358,998,0,0,0,0
s=1896,255,0,0,0,0
s=1896,255,1895,0,0,0
s=1896,255,0,0,0,0
s=1665,127,0,0,0,0
s=1665,127,2191,0,0,0
s=1665,127,0,0,0,0
s=1768,332,0,0,0,0
s=1768,332,2304,0,0,0
s=1768,332,0,0,0,0
s=1768,358,0,0,0,0
s=1768,358,1867,0,0,0
s=1768,358,0,0,0,0
s=1870,819,0,0,0,0
s=1870,819,1317,0,0,0
s=1870,819,0,0,0,0
s=1307,307,0,0,0,0
s=1307,307,1374,0,0,0
s=1307,307,0,0,0,0
s=2049,204,0,0,0,0
s=2049,204,4066,0,0,0
s=2049,204,0,0,0,0
s=1742,614,0,0,0,0
s=1742,614,1416,0,0,0
s=1742,614,0,0,0,0
s=1154,76,0,0,0,0
s=1154,76,1571,0,0,0
s=1154,76,0,0,0,0
s=1563,281,0,0,0,0
s=1563,281,1515,0,0,0
s=1563,281,0,0,0,0
s=1358,76,0,0,0,0
s=1358,76,1797,0,0,0
s=1358,76,0,0,0,0
s=2024,0,0,0,0,0
s=2024,0,2050,0,0,0
s=2024,0,0,0,0,0
s=1691,435,0,0,0,0
s=1691,435,1599,0,0,0
s=1691,435,0,0,0,0
s=1998,691,0,0,0,0
s=1998,691,4080,0,0,0
s=1998,691,0,0,0,0
s=2024,383,0,0,0,0
s=2024,383,4080,0,0,0
s=2024,383,0,0,0,0
s=1947,383,0,0,0,0
s=1947,383,2558,0,0,0
s=1947,383,0,0,0,0
s=1461,76,0,0,0,0
s=1461,76,1825,0,0,0
s=1461,76,0,0,0,0
s=1640,25,0,0,0,0
s=1640,25,2262,0,0,0
s=1640,25,0,0,0,0
s=1230,588,0,0,0,0
s=1230,588,1345,0,0,0
s=1230,588,0,0,0,0
s=1921,255,0,0,0,0
s=1921,255,1923,0,0,0
s=1921,255,0,0,0,0
s=1793,153,0,0,0,0
s=1793,153,1359,0,0,0
s=1793,153,0,0,0,0
s=1282,255,0,0,0,0
s=1282,255,1303,0,0,0
s=1282,255,0,0,0,0
s=1435,332,0,0,0,0
s=1435,332,1472,0,0,0
s=1435,332,0,0,0,0
s=1717,358,0,0,0,0
s=1717,358,1811,0,0,0
s=1717,358,0,0,0,0
s=1973,639,0,0,0,0
s=1973,639,2755,0,0,0
s=1973,639,0,0,0,0
s=1486,51,0,0,0,0
s=1486,51,1839,0,0,0
s=1486,51,0,0,0,0
s=1870,51,0,0,0,0
s=1870,51,2304,0,0,0
s=1870,51,0,0,0,0
s=1256,76,0,0,0,0
s=1256,76,2064,0,0,0
s=1256,76,0,0,0,0
s=1819,793,0,0,0,0
s=1819,793,1247,0,0,0
s=1819,793,0,0,0,0
s=1793,486,0,0,0,0
s=1793,486,2177,0,0,0
s=1793,486,0,0,0,0
s=1947,102,0,0,0,0
s=1947,102,1853,0,0,0
s=1947,102,0,0,0,0
s=1282,281,0,0,0,0
s=1282,281,1345,0,0,0
s=1282,281,0,0,0,0
s=1845,307,0,0,0,0
s=1845,307,2431,0,0,0
s=1845,307,0,0,0,0
s=1845,537,0,0,0,0
s=1845,537,2304,0,0,0
s=1845,537,0,0,0,0
s=1307,332,0,0,0,0
s=1307,332,1359,0,0,0
s=1307,332,0,0,0,0
s=1256,153,0,0,0,0
s=1256,153,1698,0,0,0
s=1256,153,0,0,0,0
s=1973,819,0,0,0,0
s=1973,819,4080,0,0,0
s=1973,819,0,0,0,0
s=821,307,0,0,0,0
s=821,307,1839,0,0,0
s=821,307,0,0,0,0
s=1205,102,0,0,0,0
s=1205,102,1684,0,0,0
s=1205,102,0,0,0,0
s=1845,588,0,0,0,0
s=1845,588,1938,0,0,0
s=1845,588,0,0,0,0
s=2024,179,0,0,0,0
s=2024,179,4080,0,0,0
s=2024,179,0,0,0,0
s=1461,358,0,0,0,0
s=1461,358,1529,0,0,0
s=1461,358,0,0,0,0
s=1691,230,0,0,0,0
s=1691,230,1275,0,0,0
s=1691,230,0,0,0,0
s=1461,1023,0,0,0,0
s=1461,1023,3249,0,0,0
s=1461,1023,0,0,0,0
s=1230,255,0,0,0,0
s=1230,255,1247,0,0,0
s=1230,255,0,0,0,0
s=1845,563,0,0,0,0
s=1845,563,2219,0,0,0
s=1845,563,0,0,0,0
s=1973,307,0,0,0,0
s=1973,307,1952,0,0,0
s=1973,307,0,0,0,0
s=1665,102,0,0,0,0
s=1665,102,2304,0,0,0
s=1665,102,0,0,0,0
s=1614,614,0,0,0,0
s=1614,614,1261,0,0,0
s=1614,614,0,0,0,0
s=2024,665,0,0,0,0
s=2024,665,4080,0,0,0
s=2024,665,0,0,0,0
s=1614,486,0,0,0,0
s=1614,486,1529,0,0,0
s=1614,486,0,0,0,0
s=1845,358,0,0,0,0
s=1845,358,2544,0,0,0
s=1845,358,0,0,0,0
s=1896,127,0,0,0,0
s=1896,127,1994,0,0,0
s=1896,127,0,0,0,0
s=1461,614,0,0,0,0
s=1461,614,1345,0,0,0
s=1461,614,0,0,0,0
s=1819,972,0,0,0,0
s=1819,972,4066,0,0,0
s=1819,972,0,0,0,0
s=1896,435,0,0,0,0
s=1896,435,2614,0,0,0
s=1896,435,0,0,0,0
s=1921,383,0,0,0,0
s=1921,383,2600,0,0,0
s=1921,383,0,0,0,0
s=1665,1023,0,0,0,0
s=1665,1023,4080,0,0,0
s=1665,1023,0,0,0,0
s=1538,255,0,0,0,0
s=1538,255,1458,0,0,0
s=1538,255,0,0,0,0
s=1256,588,0,0,0,0
s=1256,588,1331,0,0,0
s=1256,588,0,0,0,0
s=821,102,0,0,0,0
s=821,102,4038,0,0,0
s=821,102,0,0,0,0
s=1717,332,0,0,0,0
s=1717,332,2248,0,0,0
s=1717,332,0,0,0,0
s=1358,563,0,0,0,0
s=1358,563,1374,0,0,0
s=1358,563,0,0,0,0
s=1896,76,0,0,0,0
s=1896,76,2121,0,0,0
s=1896,76,0,0,0,0
s=1512,1023,0,0,0,0
s=1512,1023,2572,0,0,0
s=1512,1023,0,0,0,0
s=1614,25,0,0,0,0
s=1614,25,2234,0,0,0
s=1614,25,0,0,0,0
s=1665,383,0,0,0,0
s=1665,383,1543,0,0,0
s=1665,383,0,0,0,0
s=1819,691,0,0,0,0
s=1819,691,1444,0,0,0
s=1819,691,0,0,0,0
s=1614,76,0,0,0,0
s=1614,76,2022,0,0,0
s=1614,76,0,0,0,0
s=1512,76,0,0,0,0
s=1512,76,1486,0,0,0
s=1512,76,0,0,0,0
s=1819,255,0,0,0,0
s=1819,255,2064,0,0,0
s=1819,255,0,0,0,0
s=1896,639,0,0,0,0
s=1896,639,1331,0,0,0
s=1896,639,0,0,0,0
s=1384,102,0,0,0,0
s=1384,102,1811,0,0,0
s=1384,102,0,0,0,0
s=1307,972,0,0,0,0
s=1307,972,4080,0,0,0
s=1307,972,0,0,0,0
s=1563,383,0,0,0,0
s=1563,383,1529,0,0,0
s=1563,383,0,0,0,0
s=1742,511,0,0,0,0
s=1742,511,1895,0,0,0
s=1742,511,0,0,0,0
s=846,102,0,0,0,0
s=846,102,1219,0,0,0
s=846,102,0,0,0,0
s=1333,639,0,0,0,0
s=1333,639,1331,0,0,0
s=1333,639,0,0,0,0
s=1589,1023,0,0,0,0
s=1589,1023,1684,0,0,0
s=1589,1023,0,0,0,0
s=1230,563,0,0,0,0
s=1230,563,1331,0,0,0
s=1230,563,0,0,0,0
s=1333,281,0,0,0,0
s=1333,281,1359,0,0,0
s=1333,281,0,0,0,0
s=1870,25,0,0,0,0
s=1870,25,2375,0,0,0
s=1870,25,0,0,0,0
s=1947,793,0,0,0,0
s=1947,793,1938,0,0,0
s=1947,793,0,0,0,0
s=949,844,0,0,0,0
s=949,844,1641,0,0,0
s=949,844,0,0,0,0
s=1358,614,0,0,0,0
s=1358,614,1374,0,0,0
s=1358,614,0,0,0,0
s=1538,332,0,0,0,0
s=1538,332,1529,0,0,0
s=1538,332,0,0,0,0
s=1921,435,0,0,0,0
s=1921,435,2600,0,0,0
s=1921,435,0,0,0,0
s=1845,793,0,0,0,0
s=1845,793,1458,0,0,0
s=1845,793,0,0,0,0
s=1896,537,0,0,0,0
s=1896,537,2501,0,0,0
s=1896,537,0,0,0,0
s=1435,281,0,0,0,0
s=1435,281,1515,0,0,0
s=1435,281,0,0,0,0
s=1819,742,0,0,0,0
s=1819,742,1388,0,0,0
s=1819,742,0,0,0,0
s=1384,486,0,0,0,0
s=1384,486,1317,0,0,0
s=1384,486,0,0,0,0
s=821,435,0,0,0,0
s=821,435,1966,0,0,0
s=821,435,0,0,0,0
s=1230,204,0,0,0,0
s=1230,204,1712,0,0,0
s=1230,204,0,0,0,0
s=1589,460,0,0,0,0
s=1589,460,1543,0,0,0
s=1589,460,0,0,0,0
s=1870,230,0,0,0,0
s=1870,230,1895,0,0,0
s=1870,230,0,0,0,0
s=1410,614,0,0,0,0
s=1410,614,1289,0,0,0
s=1410,614,0,0,0,0
s=1921,102,0,0,0,0
s=1921,102,1782,0,0,0
s=1921,102,0,0,0,0
s=1512,435,0,0,0,0
s=1512,435,1430,0,0,0
s=1512,435,0,0,0,0
s=1512,383,0,0,0,0
s=1512,383,1543,0,0,0
s=1512,383,0,0,0,0
s=1384,435,0,0,0,0
s=1384,435,1345,0,0,0
s=1384,435,0,0,0,0
s=1768,460,0,0,0,0
s=1768,460,1909,0,0,0
s=1768,460,0,0,0,0
s=1538,358,0,0,0,0
s=1538,358,1500,0,0,0
s=1538,358,0,0,0,0
s=1973,409,0,0,0,0
s=1973,409,2530,0,0,0
s=1973,409,0,0,0,0
s=1921,25,0,0,0,0
s=1921,25,2121,0,0,0
s=1921,25,0,0,0,0
s=1717,486,0,0,0,0
s=1717,486,1627,0,0,0
s=1717,486,0,0,0,0
s=1665,25,0,0,0,0
s=1665,25,2262,0,0,0
s=1665,25,0,0,0,0
s=1921,844,0,0,0,0
s=1921,844,4080,0,0,0
s=1921,844,0,0,0,0
s=1921,665,0,0,0,0
s=1921,665,1458,0,0,0
s=1921,665,0,0,0,0
s=1230,153,0,0,0,0
s=1230,153,1712,0,0,0
s=1230,153,0,0,0,0
s=1410,102,0,0,0,0
s=1410,102,1853,0,0,0
s=1410,102,0,0,0,0
s=1640,255,0,0,0,0
s=1640,255,2008,0,0,0
s=1640,255,0,0,0,0
s=872,793,0,0,0,0
s=872,793,2558,0,0,0
s=872,793,0,0,0,0
s=1947,127,0,0,0,0
s=1947,127,1782,0,0,0
s=1947,127,0,0,0,0
s=1563,409,0,0,0,0
s=1563,409,1515,0,0,0
s=1563,409,0,0,0,0
s=2024,102,0,0,0,0
s=2024,102,4066,0,0,0
s=2024,102,0,0,0,0
s=1410,281,0,0,0,0
s=1410,281,1486,0,0,0
s=1410,281,0,0,0,0
s=1921,307,0,0,0,0
s=1921,307,2248,0,0,0
s=1921,307,0,0,0,0
s=1358,435,0,0,0,0
s=1358,435,1219,0,0,0
s=1358,435,0,0,0,0
s=1563,588,0,0,0,0
s=1563,588,1345,0,0,0
s=1563,588,0,0,0,0
s=1921,332,0,0,0,0
s=1921,332,2544,0,0,0
s=1921,332,0,0,0,0
s=1435,127,0,0,0,0
s=1435,127,1726,0,0,0
s=1435,127,0,0,0,0
s=1000,921,0,0,0,0
s=1000,921,4080,0,0,0
s=1000,921,0,0,0,0
s=1973,588,0,0,0,0
s=1973,588,2516,0,0,0
s=1973,588,0,0,0,0
s=2024,76,0,0,0,0
s=2024,76,4080,0,0,0
s=2024,76,0,0,0,0
s=1921,691,0,0,0,0
s=1921,691,1543,0,0,0
s=1921,691,0,0,0,0
s=1921,51,0,0,0,0
s=1921,51,2163,0,0,0
s=1921,51,0,0,0,0
s=1870,716,0,0,0,0
s=1870,716,1656,0,0,0
s=1870,716,0,0,0,0
s=1435,409,0,0,0,0
s=1435,409,1430,0,0,0
s=1435,409,0,0,0,0
s=1538,102,0,0,0,0
s=1538,102,1317,0,0,0
s=1538,102,0,0,0,0
f=1
e=0