r=1000
e=1
s=1273,537,0,0,0,0
s=1273,537,4066,0,0,0
s=1273,537,0,0,0,0
s=889,486,0,0,0,0
s=889,486,1515,0,0,0
s=889,486,0,0,0,0
s=607,486,0,0,0,0
s=607,486,1233,0,0,0
s=607,486,0,0,0,0
s=1298,307,0,0,0,0
s=1298,307,1627,0,0,0
s=1298,307,0,0,0,0
s=735,435,0,0,0,0
s=735,435,1317,0,0,0
s=735,435,0,0,0,0
s=556,588,0,0,0,0
s=556,588,1345,0,0,0
s=556,588,0,0,0,0
s=1017,563,0,0,0,0
s=1017,563,1726,0,0,0
s=1017,563,0,0,0,0
s=1145,0,0,0,0,0
s=1145,0,2586,0,0,0
s=1145,0,0,0,0,0
s=735,614,0,0,0,0
s=735,614,1233,0,0,0
s=735,614,0,0,0,0
s=479,25,0,0,0,0
s=479,25,1670,0,0,0
s=479,25,0,0,0,0
s=1324,51,0,0,0,0
s=1324,51,2304,0,0,0
s=1324,51,0,0,0,0
s=914,537,0,0,0,0
s=914,537,1458,0,0,0
s=914,537,0,0,0,0
s=1170,51,0,0,0,0
s=1170,51,2375,0,0,0
s=1170,51,0,0,0,0
s=940,153,0,0,0,0
s=940,153,1684,0,0,0
s=940,153,0,0,0,0
s=1196,844,0,0,0,0
s=1196,844,1500,0,0,0
s=1196,844,0,0,0,0
s=1324,179,0,0,0,0
s=1324,179,3700,0,0,0
s=1324,179,0,0,0,0
s=121,332,0,0,0,0
s=121,332,1684,0,0,0
s=121,332,0,0,0,0
s=1196,127,0,0,0,0
s=1196,127,2163,0,0,0
s=1196,127,0,0,0,0
s=1170,255,0,0,0,0
s=1170,255,1909,0,0,0
s=1170,255,0,0,0,0
s=121,25,0,0,0,0
s=121,25,4080,0,0,0
s=121,25,0,0,0,0
s=684,511,0,0,0,0
s=684,511,1388,0,0,0
s=684,511,0,0,0,0
s=684,588,0,0,0,0
s=684,588,1317,0,0,0
s=684,588,0,0,0,0
s=1247,127,0,0,0,0
s=1247,127,1895,0,0,0
s=1247,127,0,0,0,0
s=838,1074,0,0,0,0
s=838,1074,4080,0,0,0
s=838,1074,0,0,0,0
s=1273,793,0,0,0,0
s=1273,793,4080,0,0,0
s=1273,793,0,0,0,0
s=1170,537,0,0,0,0
s=1170,537,2459,0,0,0
s=1170,537,0,0,0,0
s=1170,767,0,0,0,0
s=1170,767,1768,0,0,0
s=1170,767,0,0,0,0
s=710,102,0,0,0,0
s=710,102,1853,0,0,0
s=710,102,0,0,0,0
s=1221,742,0,0,0,0
s=1221,742,1641,0,0,0
s=1221,742,0,0,0,0
s=607,281,0,0,0,0
s=607,281,1331,0,0,0
s=607,281,0,0,0,0
s=761,76,0,0,0,0
s=761,76,1923,0,0,0
s=761,76,0,0,0,0
s=710,307,0,0,0,0
s=710,307,1472,0,0,0
s=710,307,0,0,0,0
s=684,383,0,0,0,0
s=684,383,1388,0,0,0
s=684,383,0,0,0,0
s=1247,307,0,0,0,0
s=1247,307,2050,0,0,0
s=1247,307,0,0,0,0
s=1196,435,0,0,0,0
s=1196,435,2558,0,0,0
s=1196,435,0,0,0,0
s=863,332,0,0,0,0
s=863,332,1557,0,0,0
s=863,332,0,0,0,0
s=761,127,0,0,0,0
s=761,127,1712,0,0,0
s=761,127,0,0,0,0
s=1349,204,0,0,0,0
s=1349,204,4080,0,0,0
s=1349,204,0,0,0,0
s=1093,127,0,0,0,0
s=1093,127,2149,0,0,0
s=1093,127,0,0,0,0
s=914,486,0,0,0,0
s=914,486,1515,0,0,0
s=914,486,0,0,0,0
s=863,25,0,0,0,0
s=863,25,2135,0,0,0
s=863,25,0,0,0,0
s=710,588,0,0,0,0
s=710,588,1345,0,0,0
s=710,588,0,0,0,0
s=1042,153,0,0,0,0
s=1042,153,2149,0,0,0
s=1042,153,0,0,0,0
s=1196,409,0,0,0,0
s=1196,409,2544,0,0,0
s=1196,409,0,0,0,0
s=1017,102,0,0,0,0
s=1017,102,2403,0,0,0
s=1017,102,0,0,0,0
s=582,332,0,0,0,0
s=582,332,1345,0,0,0
s=582,332,0,0,0,0
s=1119,307,0,0,0,0
s=1119,307,2304,0,0,0
s=1119,307,0,0,0,0
s=1170,153,0,0,0,0
s=1170,153,1938,0,0,0
s=1170,153,0,0,0,0
s=1247,691,0,0,0,0
s=1247,691,1839,0,0,0
s=1247,691,0,0,0,0
s=1017,460,0,0,0,0
s=1017,460,1684,0,0,0
s=1017,460,0,0,0,0
s=1170,614,0,0,0,0
s=1170,614,1867,0,0,0
s=1170,614,0,0,0,0
s=710,127,0,0,0,0
s=710,127,1938,0,0,0
s=710,127,0,0,0,0
s=1017,153,0,0,0,0
s=1017,153,2149,0,0,0
s=1017,153,0,0,0,0
s=1273,255,0,0,0,0
s=1273,255,1458,0,0,0
s=1273,255,0,0,0,0
s=1324,102,0,0,0,0
s=1324,102,2276,0,0,0
s=1324,102,0,0,0,0
s=838,614,0,0,0,0
s=838,614,1275,0,0,0
s=838,614,0,0,0,0
s=1170,895,0,0,0,0
s=1170,895,1670,0,0,0
s=1170,895,0,0,0,0
s=454,25,0,0,0,0
s=454,25,1289,0,0,0
s=454,25,0,0,0,0
s=1170,716,0,0,0,0
s=1170,716,1557,0,0,0
s=1170,716,0,0,0,0
s=838,486,0,0,0,0
s=838,486,1515,0,0,0
s=838,486,0,0,0,0
s=761,25,0,0,0,0
s=761,25,2022,0,0,0
s=761,25,0,0,0,0
s=1221,358,0,0,0,0
s=1221,358,2530,0,0,0
s=1221,358,0,0,0,0
s=1170,486,0,0,0,0
s=1170,486,2501,0,0,0
s=1170,486,0,0,0,0
s=1042,332,0,0,0,0
s=1042,332,2332,0,0,0
s=1042,332,0,0,0,0
s=1042,409,0,0,0,0
s=1042,409,1754,0,0,0
s=1042,409,0,0,0,0
s=914,281,0,0,0,0
s=914,281,1529,0,0,0
s=914,281,0,0,0,0
s=121,127,0,0,0,0
s=121,127,4066,0,0,0
s=121,127,0,0,0,0
s=121,102,0,0,0,0
s=121,102,4066,0,0,0
s=121,102,0,0,0,0
s=735,25,0,0,0,0
s=735,25,1952,0,0,0
s=735,25,0,0,0,0
s=1247,0,0,0,0,0
s=1247,0,2191,0,0,0
s=1247,0,0,0,0,0
s=1068,639,0,0,0,0
s=1068,639,1233,0,0,0
s=1068,639,0,0,0,0
s=1247,51,0,0,0,0
s=1247,51,2135,0,0,0
s=1247,51,0,0,0,0
s=1324,435,0,0,0,0
s=1324,435,4080,0,0,0
s=1324,435,0,0,0,0
s=1170,691,0,0,0,0
s=1170,691,1444,0,0,0
s=1170,691,0,0,0,0
s=658,435,0,0,0,0
s=658,435,1247,0,0,0
s=658,435,0,0,0,0
s=940,307,0,0,0,0
s=940,307,1825,0,0,0
s=940,307,0,0,0,0
s=761,51,0,0,0,0
s=761,51,1952,0,0,0
s=761,51,0,0,0,0
s=812,435,0,0,0,0
s=812,435,1444,0,0,0
s=812,435,0,0,0,0
s=1119,51,0,0,0,0
s=1119,51,2459,0,0,0
s=1119,51,0,0,0,0
s=1145,767,0,0,0,0
s=1145,767,1768,0,0,0
s=1145,767,0,0,0,0
s=1017,358,0,0,0,0
s=1017,358,2036,0,0,0
s=1017,358,0,0,0,0
s=1196,691,0,0,0,0
s=1196,691,1599,0,0,0
s=1196,691,0,0,0,0
s=172,793,0,0,0,0
s=172,793,2516,0,0,0
s=172,793,0,0,0,0
s=1273,614,0,0,0,0
s=1273,614,3390,0,0,0
s=1273,614,0,0,0,0
s=658,409,0,0,0,0
s=658,409,1219,0,0,0
s=658,409,0,0,0,0
s=556,307,0,0,0,0
s=556,307,1275,0,0,0
s=556,307,0,0,0,0
s=1273,511,0,0,0,0
s=1273,511,4080,0,0,0
s=1273,511,0,0,0,0
s=1042,0,0,0,0,0
s=1042,0,2417,0,0,0
s=1042,0,0,0,0,0
s=658,511,0,0,0,0
s=658,511,1233,0,0,0
s=658,511,0,0,0,0
s=940,127,0,0,0,0
s=940,127,1952,0,0,0
s=940,127,0,0,0,0
s=1017,25,0,0,0,0
s=1017,25,2304,0,0,0
s=1017,25,0,0,0,0
s=710,0,0,0,0,0
s=710,0,1938,0,0,0
s=710,0,0,0,0,0
s=172,716,0,0,0,0
s=172,716,1331,0,0,0
s=172,716,0,0,0,0
s=556,204,0,0,0,0
s=556,204,1797,0,0,0
s=556,204,0,0,0,0
s=1017,281,0,0,0,0
s=1017,281,2191,0,0,0
s=1017,281,0,0,0,0
s=812,332,0,0,0,0
s=812,332,1515,0,0,0
s=812,332,0,0,0,0
s=1119,716,0,0,0,0
s=1119,716,1613,0,0,0
s=1119,716,0,0,0,0
s=761,281,0,0,0,0
s=761,281,1444,0,0,0
s=761,281,0,0,0,0
s=1145,435,0,0,0,0
s=1145,435,2445,0,0,0
s=1145,435,0,0,0,0
s=812,383,0,0,0,0
s=812,383,1515,0,0,0
s=812,383,0,0,0,0
s=889,281,0,0,0,0
s=889,281,1472,0,0,0
s=889,281,0,0,0,0
s=1068,0,0,0,0,0
s=1068,0,2473,0,0,0
s=1068,0,0,0,0,0
s=786,486,0,0,0,0
s=786,486,1374,0,0,0
s=786,486,0,0,0,0
s=1324,230,0,0,0,0
s=1324,230,1444,0,0,0
s=1324,230,0,0,0,0
s=658,588,0,0,0,0
s=658,588,1345,0,0,0
s=658,588,0,0,0,0
s=1349,255,0,0,0,0
s=1349,255,4080,0,0,0
s=1349,255,0,0,0,0
s=95,179,0,0,0,0
s=95,179,4080,0,0,0
s=95,179,0,0,0,0
s=607,383,0,0,0,0
s=607,383,1317,0,0,0
s=607,383,0,0,0,0
s=1298,383,0,0,0,0
s=1298,383,4080,0,0,0
s=1298,383,0,0,0,0
s=607,307,0,0,0,0
s=607,307,1444,0,0,0
s=607,307,0,0,0,0
s=1119,588,0,0,0,0
s=1119,588,2008,0,0,0
s=1119,588,0,0,0,0
s=1349,537,0,0,0,0
s=1349,537,4080,0,0,0
s=1349,537,0,0,0,0
s=556,332,0,0,0,0
s=556,332,1247,0,0,0
s=556,332,0,0,0,0
s=146,767,0,0,0,0
s=146,767,4066,0,0,0
s=146,767,0,0,0,0
s=889,358,0,0,0,0
s=889,358,1684,0,0,0
s=889,358,0,0,0,0
s=1273,665,0,0,0,0
s=1273,665,2600,0,0,0
s=1273,665,0,0,0,0
s=1119,767,0,0,0,0
s=1119,767,1388,0,0,0
s=1119,767,0,0,0,0
s=684,25,0,0,0,0
s=684,25,2121,0,0,0
s=684,25,0,0,0,0
s=607,460,0,0,0,0
s=607,460,1233,0,0,0
s=607,460,0,0,0,0
s=838,383,0,0,0,0
s=838,383,1529,0,0,0
s=838,383,0,0,0,0
s=735,1023,0,0,0,0
s=735,1023,3235,0,0,0
s=735,1023,0,0,0,0
s=940,614,0,0,0,0
s=940,614,1331,0,0,0
s=940,614,0,0,0,0
s=838,102,0,0,0,0
s=838,102,1402,0,0,0
s=838,102,0,0,0,0
s=965,383,0,0,0,0
s=965,383,1585,0,0,0
s=965,383,0,0,0,0
s=940,435,0,0,0,0
s=940,435,1656,0,0,0
s=940,435,0,0,0,0
s=479,76,0,0,0,0
s=479,76,1768,0,0,0
s=479,76,0,0,0,0
s=658,563,0,0,0,0
s=658,563,1374,0,0,0
s=658,563,0,0,0,0
s=1017,1023,0,0,0,0
s=1017,1023,4080,0,0,0
s=1017,1023,0,0,0,0
s=863,0,0,0,0,0
s=863,0,2149,0,0,0
s=863,0,0,0,0,0
s=530,51,0,0,0,0
s=530,51,2050,0,0,0
s=530,51,0,0,0,0
s=991,537,0,0,0,0
s=991,537,1641,0,0,0
s=991,537,0,0,0,0
s=1221,844,0,0,0,0
s=1221,844,3573,0,0,0
s=1221,844,0,0,0,0
s=1221,460,0,0,0,0
s=1221,460,2530,0,0,0
s=1221,460,0,0,0,0
s=1324,691,0,0,0,0
s=1324,691,4066,0,0,0
s=1324,691,0,0,0,0
s=914,127,0,0,0,0
s=914,127,1543,0,0,0
s=914,127,0,0,0,0
s=633,614,0,0,0,0
s=633,614,1289,0,0,0
s=633,614,0,0,0,0
s=1273,639,0,0,0,0
s=1273,639,3136,0,0,0
s=1273,639,0,0,0,0
s=556,25,0,0,0,0
s=556,25,1825,0,0,0
s=556,25,0,0,0,0
s=505,127,0,0,0,0
s=505,127,1670,0,0,0
s=505,127,0,0,0,0
s=965,588,0,0,0,0
s=965,588,1444,0,0,0
s=965,588,0,0,0,0
s=889,460,0,0,0,0
s=889,460,1557,0,0,0
s=889,460,0,0,0,0
s=1042,307,0,0,0,0
s=1042,307,2290,0,0,0
s=1042,307,0,0,0,0
s=1324,588,0,0,0,0
s=1324,588,4080,0,0,0
s=1324,588,0,0,0,0
s=505,25,0,0,0,0
s=505,25,1585,0,0,0
s=505,25,0,0,0,0
s=1298,563,0,0,0,0
s=1298,563,4052,0,0,0
s=1298,563,0,0,0,0
s=863,435,0,0,0,0
s=863,435,1472,0,0,0
s=863,435,0,0,0,0
s=121,486,0,0,0,0
s=121,486,1881,0,0,0
s=121,486,0,0,0,0
s=582,563,0,0,0,0
s=582,563,1331,0,0,0
s=582,563,0,0,0,0
s=505,537,0,0,0,0
s=505,537,1233,0,0,0
s=505,537,0,0,0,0
s=710,25,0,0,0,0
s=710,25,2050,0,0,0
s=710,25,0,0,0,0
s=1119,102,0,0,0,0
s=1119,102,2093,0,0,0
s=1119,102,0,0,0,0
s=1247,793,0,0,0,0
s=1247,793,1839,0,0,0
s=1247,793,0,0,0,0
s=863,1023,0,0,0,0
s=863,1023,1359,0,0,0
s=863,1023,0,0,0,0
s=1170,460,0,0,0,0
s=1170,460,2473,0,0,0
s=1170,460,0,0,0,0
s=1221,537,0,0,0,0
s=1221,537,2403,0,0,0
s=1221,537,0,0,0,0
s=1093,153,0,0,0,0
s=1093,153,2149,0,0,0
s=1093,153,0,0,0,0
s=1170,127,0,0,0,0
s=1170,127,2093,0,0,0
s=1170,127,0,0,0,0
s=1119,358,0,0,0,0
s=1119,358,2530,0,0,0
s=1119,358,0,0,0,0
s=863,563,0,0,0,0
s=863,563,1359,0,0,0
s=863,563,0,0,0,0
s=1298,716,0,0,0,0
s=1298,716,4080,0,0,0
s=1298,716,0,0,0,0
s=761,255,0,0,0,0
s=761,255,1345,0,0,0
s=761,255,0,0,0,0
s=1221,153,0,0,0,0
s=1221,153,1543,0,0,0
s=1221,153,0,0,0,0
s=940,0,0,0,0,0
s=940,0,2262,0,0,0
s=940,0,0,0,0,0
s=1119,332,0,0,0,0
s=1119,332,2487,0,0,0
s=1119,332,0,0,0,0
s=761,0,0,0,0,0
s=761,0,2036,0,0,0
s=761,0,0,0,0,0
s=633,51,0,0,0,0
s=633,51,1458,0,0,0
s=633,51,0,0,0,0
s=1068,332,0,0,0,0
s=1068,332,2346,0,0,0
s=1068,332,0,0,0,0
s=1247,767,0,0,0,0
s=1247,767,1740,0,0,0
s=1247,767,0,0,0,0
s=1196,793,0,0,0,0
s=1196,793,1726,0,0,0
s=1196,793,0,0,0,0
s=786,460,0,0,0,0
s=786,460,1359,0,0,0
s=786,460,0,0,0,0
s=1247,870,0,0,0,0
s=1247,870,4080,0,0,0
s=1247,870,0,0,0,0
s=1093,358,0,0,0,0
s=1093,358,2431,0,0,0
s=1093,358,0,0,0,0
s=1247,281,0,0,0,0
s=1247,281,1923,0,0,0
s=1247,281,0,0,0,0
s=658,0,0,0,0,0
s=658,0,1486,0,0,0
s=658,0,0,0,0,0
s=1093,588,0,0,0,0
s=1093,588,2008,0,0,0
s=1093,588,0,0,0,0
s=582,460,0,0,0,0
s=582,460,1261,0,0,0
s=582,460,0,0,0,0
s=940,76,0,0,0,0
s=940,76,2205,0,0,0
s=940,76,0,0,0,0
s=940,102,0,0,0,0
s=940,102,2191,0,0,0
s=940,102,0,0,0,0
s=684,255,0,0,0,0
s=684,255,1345,0,0,0
s=684,255,0,0,0,0
s=786,102,0,0,0,0
s=786,102,1613,0,0,0
s=786,102,0,0,0,0
s=505,153,0,0,0,0
s=505,153,1811,0,0,0
s=505,153,0,0,0,0
s=1170,588,0,0,0,0
s=1170,588,2149,0,0,0
s=1170,588,0,0,0,0
s=710,460,0,0,0,0
s=710,460,1345,0,0,0
s=710,460,0,0,0,0
s=863,307,0,0,0,0
s=863,307,1613,0,0,0
s=863,307,0,0,0,0
s=658,332,0,0,0,0
s=658,332,1345,0,0,0
s=658,332,0,0,0,0
s=1349,588,0,0,0,0
s=1349,588,4080,0,0,0
s=1349,588,0,0,0,0
s=607,51,0,0,0,0
s=607,51,1613,0,0,0
s=607,51,0,0,0,0
s=965,153,0,0,0,0
s=965,153,2022,0,0,0
s=965,153,0,0,0,0
s=1298,537,0,0,0,0
s=1298,537,4080,0,0,0
s=1298,537,0,0,0,0
s=786,639,0,0,0,0
s=786,639,1261,0,0,0
s=786,639,0,0,0,0
s=1119,639,0,0,0,0
s=1119,639,1430,0,0,0
s=1119,639,0,0,0,0
s=991,588,0,0,0,0
s=991,588,1557,0,0,0
s=991,588,0,0,0,0
s=965,460,0,0,0,0
s=965,460,1656,0,0,0
s=965,460,0,0,0,0
s=658,127,0,0,0,0
s=658,127,1853,0,0,0
s=658,127,0,0,0,0
s=1273,383,0,0,0,0
s=1273,383,2516,0,0,0
s=1273,383,0,0,0,0
s=1017,537,0,0,0,0
s=1017,537,1726,0,0,0
s=1017,537,0,0,0,0
s=633,127,0,0,0,0
s=633,127,1529,0,0,0
s=633,127,0,0,0,0
s=710,409,0,0,0,0
s=710,409,1331,0,0,0
s=710,409,0,0,0,0
s=1145,332,0,0,0,0
s=1145,332,2459,0,0,0
s=1145,332,0,0,0,0
s=1119,76,0,0,0,0
s=1119,76,2262,0,0,0
s=1119,76,0,0,0,0
s=505,563,0,0,0,0
s=505,563,1331,0,0,0
s=505,563,0,0,0,0
s=1247,204,0,0,0,0
s=1247,204,1613,0,0,0
s=1247,204,0,0,0,0
s=838,0,0,0,0,0
s=838,0,2078,0,0,0
s=838,0,0,0,0,0
s=838,307,0,0,0,0
s=838,307,1641,0,0,0
s=838,307,0,0,0,0
s=838,563,0,0,0,0
s=838,563,1331,0,0,0
s=838,563,0,0,0,0
s=1298,691,0,0,0,0
s=1298,691,3657,0,0,0
s=1298,691,0,0,0,0
s=1017,127,0,0,0,0
s=1017,127,2346,0,0,0
s=1017,127,0,0,0,0
s=863,255,0,0,0,0
s=863,255,1374,0,0,0
s=863,255,0,0,0,0
s=607,153,0,0,0,0
s=607,153,1430,0,0,0
s=607,153,0,0,0,0
s=1068,383,0,0,0,0
s=1068,383,1768,0,0,0
s=1068,383,0,0,0,0
s=1273,358,0,0,0,0
s=1273,358,2487,0,0,0
s=1273,358,0,0,0,0
s=633,383,0,0,0,0
s=633,383,1275,0,0,0
s=633,383,0,0,0,0
s=1068,51,0,0,0,0
s=1068,51,2473,0,0,0
s=1068,51,0,0,0,0
s=786,383,0,0,0,0
s=786,383,1515,0,0,0
s=786,383,0,0,0,0
s=863,76,0,0,0,0
s=863,76,1811,0,0,0
s=863,76,0,0,0,0
s=1349,76,0,0,0,0
s=1349,76,3643,0,0,0
s=1349,76,0,0,0,0
s=1221,51,0,0,0,0
s=1221,51,2135,0,0,0
s=1221,51,0,0,0,0
s=965,435,0,0,0,0
s=965,435,1698,0,0,0
s=965,435,0,0,0,0
s=1247,844,0,0,0,0
s=1247,844,4066,0,0,0
s=1247,844,0,0,0,0
s=1093,76,0,0,0,0
s=1093,76,2346,0,0,0
s=1093,76,0,0,0,0
s=1247,614,0,0,0,0
s=1247,614,2177,0,0,0
s=1247,614,0,0,0,0
s=965,76,0,0,0,0
s=965,76,2262,0,0,0
s=965,76,0,0,0,0
s=1349,51,0,0,0,0
s=1349,51,3601,0,0,0
s=1349,51,0,0,0,0
s=1119,665,0,0,0,0
s=1119,665,1317,0,0,0
s=1119,665,0,0,0,0
s=633,76,0,0,0,0
s=633,76,1331,0,0,0
s=633,76,0,0,0,0
s=761,511,0,0,0,0
s=761,511,1359,0,0,0
s=761,511,0,0,0,0
s=530,255,0,0,0,0
s=530,255,1247,0,0,0
s=530,255,0,0,0,0
s=1145,281,0,0,0,0
s=1145,281,2135,0,0,0
s=1145,281,0,0,0,0
s=1273,281,0,0,0,0
s=1273,281,1557,0,0,0
s=1273,281,0,0,0,0
s=1145,716,0,0,0,0
s=1145,716,1698,0,0,0
s=1145,716,0,0,0,0
s=1298,409,0,0,0,0
s=1298,409,4052,0,0,0
s=1298,409,0,0,0,0
s=530,25,0,0,0,0
s=530,25,2121,0,0,0
s=530,25,0,0,0,0
s=1093,665,0,0,0,0
s=1093,665,1303,0,0,0
s=1093,665,0,0,0,0
s=1375,25,0,0,0,0
s=1375,25,4080,0,0,0
s=1375,25,0,0,0,0
s=1349,332,0,0,0,0
s=1349,332,4066,0,0,0
s=1349,332,0,0,0,0
s=940,332,0,0,0,0
s=940,332,1613,0,0,0
s=940,332,0,0,0,0
s=121,76,0,0,0,0
s=121,76,4066,0,0,0
s=121,76,0,0,0,0
s=1247,895,0,0,0,0
s=1247,895,4080,0,0,0
s=1247,895,0,0,0,0
s=1247,25,0,0,0,0
s=1247,25,1867,0,0,0
s=1247,25,0,0,0,0
s=838,511,0,0,0,0
s=838,511,1458,0,0,0
s=838,511,0,0,0,0
s=812,0,0,0,0,0
s=812,0,2050,0,0,0
s=812,0,0,0,0,0
s=863,614,0,0,0,0
s=863,614,1275,0,0,0
s=863,614,0,0,0,0
s=761,639,0,0,0,0
s=761,639,1345,0,0,0
s=761,639,0,0,0,0
s=249,844,0,0,0,0
s=249,844,1585,0,0,0
s=249,844,0,0,0,0
s=735,153,0,0,0,0
s=735,153,1754,0,0,0
s=735,153,0,0,0,0
s=1145,76,0,0,0,0
s=1145,76,2262,0,0,0
s=1145,76,0,0,0,0
s=863,588,0,0,0,0
s=863,588,1374,0,0,0
s=863,588,0,0,0,0
s=1093,51,0,0,0,0
s=1093,51,2530,0,0,0
s=1093,51,0,0,0,0
s=1221,563,0,0,0,0
s=1221,563,2360,0,0,0
s=1221,563,0,0,0,0
s=761,332,0,0,0,0
s=761,332,1571,0,0,0
s=761,332,0,0,0,0
s=479,588,0,0,0,0
s=479,588,1233,0,0,0
s=479,588,0,0,0,0
s=1093,972,0,0,0,0
s=1093,972,4080,0,0,0
s=1093,972,0,0,0,0
s=735,563,0,0,0,0
s=735,563,1345,0,0,0
s=735,563,0,0,0,0
s=812,537,0,0,0,0
s=812,537,1444,0,0,0
s=812,537,0,0,0,0
s=1298,639,0,0,0,0
s=1298,639,3460,0,0,0
s=1298,639,0,0,0,0
s=761,614,0,0,0,0
s=761,614,1331,0,0,0
s=761,614,0,0,0,0
s=1221,511,0,0,0,0
s=1221,511,2544,0,0,0
s=1221,511,0,0,0,0
s=1221,588,0,0,0,0
s=1221,588,2262,0,0,0
s=1221,588,0,0,0,0
s=761,435,0,0,0,0
s=761,435,1331,0,0,0
s=761,435,0,0,0,0
s=172,665,0,0,0,0
s=172,665,4066,0,0,0
s=172,665,0,0,0,0
s=1042,486,0,0,0,0
s=1042,486,1782,0,0,0
s=1042,486,0,0,0,0
s=1042,460,0,0,0,0
s=1042,460,1740,0,0,0
s=1042,460,0,0,0,0
s=1247,639,0,0,0,0
s=1247,639,2699,0,0,0
s=1247,639,0,0,0,0
s=761,358,0,0,0,0
s=761,358,1500,0,0,0
s=761,358,0,0,0,0
s=582,153,0,0,0,0
s=582,153,1656,0,0,0
s=582,153,0,0,0,0
s=1119,614,0,0,0,0
s=1119,614,1726,0,0,0
s=1119,614,0,0,0,0
s=761,1023,0,0,0,0
s=761,1023,3235,0,0,0
s=761,1023,0,0,0,0
s=582,179,0,0,0,0
s=582,179,2050,0,0,0
s=582,179,0,0,0,0
s=121,307,0,0,0,0
s=121,307,1853,0,0,0
s=121,307,0,0,0,0
s=1170,819,0,0,0,0
s=1170,819,1768,0,0,0
s=1170,819,0,0,0,0
s=710,358,0,0,0,0
s=710,358,1500,0,0,0
s=710,358,0,0,0,0
s=1196,0,0,0,0,0
s=1196,0,2234,0,0,0
s=1196,0,0,0,0,0
s=1298,665,0,0,0,0
s=1298,665,4080,0,0,0
s=1298,665,0,0,0,0
s=1145,307,0,0,0,0
s=1145,307,2318,0,0,0
s=1145,307,0,0,0,0
s=761,486,0,0,0,0
s=761,486,1416,0,0,0
s=761,486,0,0,0,0
s=786,127,0,0,0,0
s=786,127,1402,0,0,0
s=786,127,0,0,0,0
s=1119,972,0,0,0,0
s=1119,972,4066,0,0,0
s=1119,972,0,0,0,0
s=940,460,0,0,0,0
s=940,460,1670,0,0,0
s=940,460,0,0,0,0
s=1196,383,0,0,0,0
s=1196,383,2544,0,0,0
s=1196,383,0,0,0,0
s=1145,511,0,0,0,0
s=1145,511,2389,0,0,0
s=1145,511,0,0,0,0
s=965,102,0,0,0,0
s=965,102,2276,0,0,0
s=965,102,0,0,0,0
s=965,358,0,0,0,0
s=965,358,1726,0,0,0
s=965,358,0,0,0,0
s=735,358,0,0,0,0
s=735,358,1486,0,0,0
s=735,358,0,0,0,0
s=889,409,0,0,0,0
s=889,409,1585,0,0,0
s=889,409,0,0,0,0
s=991,281,0,0,0,0
s=991,281,2191,0,0,0
s=991,281,0,0,0,0
s=735,102,0,0,0,0
s=735,102,1853,0,0,0
s=735,102,0,0,0,0
s=710,51,0,0,0,0
s=710,51,1980,0,0,0
s=710,51,0,0,0,0
s=735,511,0,0,0,0
s=735,511,1331,0,0,0
s=735,511,0,0,0,0
s=454,588,0,0,0,0
s=454,588,1233,0,0,0
s=454,588,0,0,0,0
s=1247,946,0,0,0,0
s=1247,946,4080,0,0,0
s=1247,946,0,0,0,0
s=812,307,0,0,0,0
s=812,307,1557,0,0,0
s=812,307,0,0,0,0
s=1119,563,0,0,0,0
s=1119,563,2234,0,0,0
s=1119,563,0,0,0,0
s=1068,537,0,0,0,0
s=1068,537,1881,0,0,0
s=1068,537,0,0,0,0
s=889,588,0,0,0,0
s=889,588,1374,0,0,0
s=889,588,0,0,0,0
s=1349,102,0,0,0,0
s=1349,102,3700,0,0,0
s=1349,102,0,0,0,0
s=1170,409,0,0,0,0
s=1170,409,2544,0,0,0
s=1170,409,0,0,0,0
s=889,0,0,0,0,0
s=889,0,2219,0,0,0
s=889,0,0,0,0,0
s=1221,614,0,0,0,0
s=1221,614,1966,0,0,0
s=1221,614,0,0,0,0
s=1017,307,0,0,0,0
s=1017,307,2276,0,0,0
s=1017,307,0,0,0,0
s=965,614,0,0,0,0
s=965,614,1458,0,0,0
s=965,614,0,0,0,0
s=454,537,0,0,0,0
s=454,537,1219,0,0,0
s=454,537,0,0,0,0
s=838,76,0,0,0,0
s=838,76,1811,0,0,0
s=838,76,0,0,0,0
s=1221,716,0,0,0,0
s=1221,716,1599,0,0,0
s=1221,716,0,0,0,0
s=1196,255,0,0,0,0
s=1196,255,2008,0,0,0
s=1196,255,0,0,0,0
s=1170,358,0,0,0,0
s=1170,358,2586,0,0,0
s=1170,358,0,0,0,0
s=1196,307,0,0,0,0
s=1196,307,2107,0,0,0
s=1196,307,0,0,0,0
s=1093,486,0,0,0,0
s=1093,486,2163,0,0,0
s=1093,486,0,0,0,0
s=1324,639,0,0,0,0
s=1324,639,4080,0,0,0
s=1324,639,0,0,0,0
s=1196,76,0,0,0,0
s=1196,76,2163,0,0,0
s=1196,76,0,0,0,0
s=633,102,0,0,0,0
s=633,102,1289,0,0,0
s=633,102,0,0,0,0
s=684,102,0,0,0,0
s=684,102,1797,0,0,0
s=684,102,0,0,0,0
s=863,511,0,0,0,0
s=863,511,1472,0,0,0
s=863,511,0,0,0,0
s=1068,255,0,0,0,0
s=1068,255,1923,0,0,0
s=1068,255,0,0,0,0
s=991,332,0,0,0,0
s=991,332,2234,0,0,0
s=991,332,0,0,0,0
s=530,281,0,0,0,0
s=530,281,1289,0,0,0
s=530,281,0,0,0,0
s=710,486,0,0,0,0
s=710,486,1402,0,0,0
s=710,486,0,0,0,0
s=582,127,0,0,0,0
s=582,127,1867,0,0,0
s=582,127,0,0,0,0
s=1273,153,0,0,0,0
s=1273,153,1261,0,0,0
s=1273,153,0,0,0,0
s=863,383,0,0,0,0
s=863,383,1515,0,0,0
s=863,383,0,0,0,0
s=1170,844,0,0,0,0
s=1170,844,1261,0,0,0
s=1170,844,0,0,0,0
s=1247,358,0,0,0,0
s=1247,358,2487,0,0,0
s=1247,358,0,0,0,0
s=1170,435,0,0,0,0
s=1170,435,2516,0,0,0
s=1170,435,0,0,0,0
s=1426,0,0,0,0,0
s=1426,0,4080,0,0,0
s=1426,0,0,0,0,0
s=1298,25,0,0,0,0
s=1298,25,1938,0,0,0
s=1298,25,0,0,0,0
s=710,1023,0,0,0,0
s=710,1023,3235,0,0,0
s=710,1023,0,0,0,0
s=965,537,0,0,0,0
s=965,537,1472,0,0,0
s=965,537,0,0,0,0
s=965,25,0,0,0,0
s=965,25,2346,0,0,0
s=965,25,0,0,0,0
s=1145,537,0,0,0,0
s=1145,537,2360,0,0,0
s=1145,537,0,0,0,0
s=1145,691,0,0,0,0
s=1145,691,1627,0,0,0
s=1145,691,0,0,0,0
s=991,383,0,0,0,0
s=991,383,1641,0,0,0
s=991,383,0,0,0,0
s=786,511,0,0,0,0
s=786,511,1331,0,0,0
s=786,511,0,0,0,0
s=1298,435,0,0,0,0
s=1298,435,4080,0,0,0
s=1298,435,0,0,0,0
s=1170,307,0,0,0,0
s=1170,307,2389,0,0,0
s=1170,307,0,0,0,0
s=889,307,0,0,0,0
s=889,307,1656,0,0,0
s=889,307,0,0,0,0
s=965,486,0,0,0,0
s=965,486,1557,0,0,0
s=965,486,0,0,0,0
s=1017,588,0,0,0,0
s=1017,588,1641,0,0,0
s=1017,588,0,0,0,0
s=812,358,0,0,0,0
s=812,358,1543,0,0,0
s=812,358,0,0,0,0
s=684,0,0,0,0,0
s=684,0,1909,0,0,0
s=684,0,0,0,0,0
s=710,332,0,0,0,0
s=710,332,1515,0,0,0
s=710,332,0,0,0,0
s=530,179,0,0,0,0
s=530,179,1811,0,0,0
s=530,179,0,0,0,0
s=121,51,0,0,0,0
s=121,51,4066,0,0,0
s=121,51,0,0,0,0
s=633,332,0,0,0,0
s=633,332,1331,0,0,0
s=633,332,0,0,0,0
s=198,819,0,0,0,0
s=198,819,3305,0,0,0
s=198,819,0,0,0,0
s=607,76,0,0,0,0
s=607,76,1500,0,0,0
s=607,76,0,0,0,0
s=1170,946,0,0,0,0
s=1170,946,4080,0,0,0
s=1170,946,0,0,0,0
s=1196,486,0,0,0,0
s=1196,486,2544,0,0,0
s=1196,486,0,0,0,0
s=1170,383,0,0,0,0
s=1170,383,2600,0,0,0
s=1170,383,0,0,0,0
s=1170,563,0,0,0,0
s=1170,563,2389,0,0,0
s=1170,563,0,0,0,0
s=1273,972,0,0,0,0
s=1273,972,4080,0,0,0
s=1273,972,0,0,0,0
s=914,588,0,0,0,0
s=914,588,1289,0,0,0
s=914,588,0,0,0,0
s=914,332,0,0,0,0
s=914,332,1571,0,0,0
s=914,332,0,0,0,0
s=735,51,0,0,0,0
s=735,51,1994,0,0,0
s=735,51,0,0,0,0
s=1196,358,0,0,0,0
s=1196,358,2558,0,0,0
s=1196,358,0,0,0,0
s=1119,153,0,0,0,0
s=1119,153,2163,0,0,0
s=1119,153,0,0,0,0
s=684,614,0,0,0,0
s=684,614,1444,0,0,0
s=684,614,0,0,0,0
s=684,537,0,0,0,0
s=684,537,1402,0,0,0
s=684,537,0,0,0,0
s=1324,204,0,0,0,0
s=1324,204,1571,0,0,0
s=1324,204,0,0,0,0
s=1221,921,0,0,0,0
s=1221,921,4080,0,0,0
s=1221,921,0,0,0,0
s=274,870,0,0,0,0
s=274,870,4080,0,0,0
s=274,870,0,0,0,0
s=658,614,0,0,0,0
s=658,614,1359,0,0,0
s=658,614,0,0,0,0
s=1324,307,0,0,0,0
s=1324,307,2022,0,0,0
s=1324,307,0,0,0,0
s=658,281,0,0,0,0
s=658,281,1402,0,0,0
s=658,281,0,0,0,0
s=582,486,0,0,0,0
s=582,486,1247,0,0,0
s=582,486,0,0,0,0
s=402,921,0,0,0,0
s=402,921,2600,0,0,0
s=402,921,0,0,0,0
s=121,511,0,0,0,0
s=121,511,4066,0,0,0
s=121,511,0,0,0,0
s=633,153,0,0,0,0
s=633,153,2036,0,0,0
s=633,153,0,0,0,0
s=1145,127,0,0,0,0
s=1145,127,2036,0,0,0
s=1145,127,0,0,0,0
s=658,665,0,0,0,0
s=658,665,1331,0,0,0
s=658,665,0,0,0,0
s=1349,230,0,0,0,0
s=1349,230,4080,0,0,0
s=1349,230,0,0,0,0
s=1119,793,0,0,0,0
s=1119,793,1331,0,0,0
s=1119,793,0,0,0,0
s=914,25,0,0,0,0
s=914,25,2262,0,0,0
s=914,25,0,0,0,0
s=1196,767,0,0,0,0
s=1196,767,1670,0,0,0
s=1196,767,0,0,0,0
s=1221,409,0,0,0,0
s=1221,409,2558,0,0,0
s=1221,409,0,0,0,0
s=889,435,0,0,0,0
s=889,435,1500,0,0,0
s=889,435,0,0,0,0
s=838,1049,0,0,0,0
s=838,1049,4080,0,0,0
s=838,1049,0,0,0,0
s=633,358,0,0,0,0
s=633,358,1374,0,0,0
s=633,358,0,0,0,0
s=786,1023,0,0,0,0
s=786,1023,3235,0,0,0
s=786,1023,0,0,0,0
s=1068,486,0,0,0,0
s=1068,486,1952,0,0,0
s=1068,486,0,0,0,0
s=1068,76,0,0,0,0
s=1068,76,2403,0,0,0
s=1068,76,0,0,0,0
s=1273,895,0,0,0,0
s=1273,895,4080,0,0,0
s=1273,895,0,0,0,0
s=1247,409,0,0,0,0
s=1247,409,2501,0,0,0
s=1247,409,0,0,0,0
s=710,383,0,0,0,0
s=710,383,1430,0,0,0
s=710,383,0,0,0,0
s=1298,614,0,0,0,0
s=1298,614,2248,0,0,0
s=1298,614,0,0,0,0
s=556,153,0,0,0,0
s=556,153,1797,0,0,0
s=556,153,0,0,0,0
s=1170,0,0,0,0,0
s=1170,0,2417,0,0,0
s=1170,0,0,0,0,0
s=1017,76,0,0,0,0
s=1017,76,2360,0,0,0
s=1017,76,0,0,0,0
s=633,563,0,0,0,0
s=633,563,1345,0,0,0
s=633,563,0,0,0,0
s=761,383,0,0,0,0
s=761,383,1416,0,0,0
s=761,383,0,0,0,0
s=889,383,0,0,0,0
s=889,383,1585,0,0,0
s=889,383,0,0,0,0
s=1196,511,0,0,0,0
s=1196,511,2516,0,0,0
s=1196,511,0,0,0,0
s=786,435,0,0,0,0
s=786,435,1430,0,0,0
s=786,435,0,0,0,0
s=1196,895,0,0,0,0
s=1196,895,1416,0,0,0
s=1196,895,0,0,0,0
s=940,51,0,0,0,0
s=940,51,2248,0,0,0
s=940,51,0,0,0,0
s=991,1023,0,0,0,0
s=991,1023,4080,0,0,0
s=991,1023,0,0,0,0
s=121,358,0,0,0,0
s=121,358,1726,0,0,0
s=121,358,0,0,0,0
s=1170,921,0,0,0,0
s=1170,921,4066,0,0,0
s=1170,921,0,0,0,0
s=1042,51,0,0,0,0
s=1042,51,2375,0,0,0
s=1042,51,0,0,0,0
s=1196,281,0,0,0,0
s=1196,281,1923,0,0,0
s=1196,281,0,0,0,0
s=1093,946,0,0,0,0
s=1093,946,1233,0,0,0
s=1093,946,0,0,0,0
s=172,639,0,0,0,0
s=172,639,4080,0,0,0
s=172,639,0,0,0,0
s=710,537,0,0,0,0
s=710,537,1331,0,0,0
s=710,537,0,0,0,0
s=607,102,0,0,0,0
s=607,102,1895,0,0,0
s=607,102,0,0,0,0
s=1145,742,0,0,0,0
s=1145,742,1656,0,0,0
s=1145,742,0,0,0,0
s=658,358,0,0,0,0
s=658,358,1275,0,0,0
s=658,358,0,0,0,0
s=786,588,0,0,0,0
s=786,588,1374,0,0,0
s=786,588,0,0,0,0
s=991,435,0,0,0,0
s=991,435,1585,0,0,0
s=991,435,0,0,0,0
s=1298,76,0,0,0,0
s=1298,76,2135,0,0,0
s=1298,76,0,0,0,0
s=735,307,0,0,0,0
s=735,307,1543,0,0,0
s=735,307,0,0,0,0
s=582,255,0,0,0,0
s=582,255,1275,0,0,0
s=582,255,0,0,0,0
s=940,409,0,0,0,0
s=940,409,1543,0,0,0
s=940,409,0,0,0,0
s=1042,639,0,0,0,0
s=1042,639,1247,0,0,0
s=1042,639,0,0,0,0
s=1170,742,0,0,0,0
s=1170,742,1754,0,0,0
s=1170,742,0,0,0,0
s=1093,435,0,0,0,0
s=1093,435,2036,0,0,0
s=1093,435,0,0,0,0
s=940,537,0,0,0,0
s=940,537,1515,0,0,0
s=940,537,0,0,0,0
s=1273,588,0,0,0,0
s=1273,588,2403,0,0,0
s=1273,588,0,0,0,0
s=684,127,0,0,0,0
s=684,127,1726,0,0,0
s=684,127,0,0,0,0
s=530,0,0,0,0,0
s=530,0,2107,0,0,0
s=530,0,0,0,0,0
s=684,409,0,0,0,0
s=684,409,1317,0,0,0
s=684,409,0,0,0,0
s=1119,255,0,0,0,0
s=1119,255,1853,0,0,0
s=1119,255,0,0,0,0
s=582,0,0,0,0,0
s=582,0,1797,0,0,0
s=582,0,0,0,0,0
s=1221,819,0,0,0,0
s=1221,819,2093,0,0,0
s=1221,819,0,0,0,0
s=684,563,0,0,0,0
s=684,563,1374,0,0,0
s=684,563,0,0,0,0
s=1324,563,0,0,0,0
s=1324,563,4080,0,0,0
s=1324,563,0,0,0,0
s=658,486,0,0,0,0
s=658,486,1275,0,0,0
s=658,486,0,0,0,0
s=812,102,0,0,0,0
s=812,102,1359,0,0,0
s=812,102,0,0,0,0
s=1042,537,0,0,0,0
s=1042,537,1839,0,0,0
s=1042,537,0,0,0,0
s=607,179,0,0,0,0
s=607,179,2093,0,0,0
s=607,179,0,0,0,0
s=1247,588,0,0,0,0
s=1247,588,2177,0,0,0
s=1247,588,0,0,0,0
s=863,409,0,0,0,0
s=863,409,1529,0,0,0
s=863,409,0,0,0,0
s=377,921,0,0,0,0
s=377,921,4080,0,0,0
s=377,921,0,0,0,0
s=505,179,0,0,0,0
s=505,179,1557,0,0,0
s=505,179,0,0,0,0
s=1221,665,0,0,0,0
s=1221,665,1571,0,0,0
s=1221,665,0,0,0,0
s=1145,486,0,0,0,0
s=1145,486,2459,0,0,0
s=1145,486,0,0,0,0
s=633,0,0,0,0,0
s=633,0,1303,0,0,0
s=633,0,0,0,0,0
s=1145,460,0,0,0,0
s=1145,460,2473,0,0,0
s=1145,460,0,0,0,0
s=121,383,0,0,0,0
s=121,383,1881,0,0,0
s=121,383,0,0,0,0
s=1221,76,0,0,0,0
s=1221,76,2078,0,0,0
s=1221,76,0,0,0,0
s=1273,767,0,0,0,0
s=1273,767,4080,0,0,0
s=1273,767,0,0,0,0
s=991,127,0,0,0,0
s=991,127,2360,0,0,0
s=991,127,0,0,0,0
s=121,179,0,0,0,0
s=121,179,4066,0,0,0
s=121,179,0,0,0,0
s=95,409,0,0,0,0
s=95,409,4080,0,0,0
s=95,409,0,0,0,0
s=735,409,0,0,0,0
s=735,409,1430,0,0,0
s=735,409,0,0,0,0
s=863,281,0,0,0,0
s=863,281,1543,0,0,0
s=863,281,0,0,0,0
s=1119,742,0,0,0,0
s=1119,742,1486,0,0,0
s=1119,742,0,0,0,0
s=914,409,0,0,0,0
s=914,409,1571,0,0,0
s=914,409,0,0,0,0
s=1119,0,0,0,0,0
s=1119,0,2614,0,0,0
s=1119,0,0,0,0,0
s=684,51,0,0,0,0
s=684,51,1994,0,0,0
s=684,51,0,0,0,0
s=863,1049,0,0,0,0
s=863,1049,4080,0,0,0
s=863,1049,0,0,0,0
s=633,511,0,0,0,0
s=633,511,1331,0,0,0
s=633,511,0,0,0,0
s=1221,127,0,0,0,0
s=1221,127,1811,0,0,0
s=1221,127,0,0,0,0
s=658,1023,0,0,0,0
s=658,1023,4080,0,0,0
s=658,1023,0,0,0,0
s=1401,0,0,0,0,0
s=1401,0,4080,0,0,0
s=1401,0,0,0,0,0
s=889,511,0,0,0,0
s=889,511,1458,0,0,0
s=889,511,0,0,0,0
s=454,0,0,0,0,0
s=454,0,1345,0,0,0
s=454,0,0,0,0,0
s=991,255,0,0,0,0
s=991,255,2078,0,0,0
s=991,255,0,0,0,0
s=1145,358,0,0,0,0
s=1145,358,2530,0,0,0
s=1145,358,0,0,0,0
s=940,25,0,0,0,0
s=940,25,2304,0,0,0
s=940,25,0,0,0,0
s=863,1074,0,0,0,0
s=863,1074,4080,0,0,0
s=863,1074,0,0,0,0
s=684,281,0,0,0,0
s=684,281,1500,0,0,0
s=684,281,0,0,0,0
s=1093,383,0,0,0,0
s=1093,383,2064,0,0,0
s=1093,383,0,0,0,0
s=914,435,0,0,0,0
s=914,435,1515,0,0,0
s=914,435,0,0,0,0
s=838,435,0,0,0,0
s=838,435,1444,0,0,0
s=838,435,0,0,0,0
s=786,76,0,0,0,0
s=786,76,1782,0,0,0
s=786,76,0,0,0,0
s=786,51,0,0,0,0
s=786,51,1881,0,0,0
s=786,51,0,0,0,0
s=172,742,0,0,0,0
s=172,742,3361,0,0,0
s=172,742,0,0,0,0
s=1247,332,0,0,0,0
s=1247,332,1938,0,0,0
s=1247,332,0,0,0,0
s=146,691,0,0,0,0
s=146,691,3376,0,0,0
s=146,691,0,0,0,0
s=1145,102,0,0,0,0
s=1145,102,2191,0,0,0
s=1145,102,0,0,0,0
s=735,383,0,0,0,0
s=735,383,1430,0,0,0
s=735,383,0,0,0,0
s=556,255,0,0,0,0
s=556,255,1289,0,0,0
s=556,255,0,0,0,0
s=1221,102,0,0,0,0
s=1221,102,1994,0,0,0
s=1221,102,0,0,0,0
s=1170,665,0,0,0,0
s=1170,665,1430,0,0,0
s=1170,665,0,0,0,0
s=1298,51,0,0,0,0
s=1298,51,2050,0,0,0
s=1298,51,0,0,0,0
s=1196,614,0,0,0,0
s=1196,614,1966,0,0,0
s=1196,614,0,0,0,0
s=1170,281,0,0,0,0
s=1170,281,2093,0,0,0
s=1170,281,0,0,0,0
s=965,1023,0,0,0,0
s=965,1023,4080,0,0,0
s=965,1023,0,0,0,0
s=940,486,0,0,0,0
s=940,486,1543,0,0,0
s=940,486,0,0,0,0
s=479,153,0,0,0,0
s=479,153,1359,0,0,0
s=479,153,0,0,0,0
s=428,614,0,0,0,0
s=428,614,1247,0,0,0
s=428,614,0,0,0,0
s=1247,819,0,0,0,0
s=1247,819,3657,0,0,0
s=1247,819,0,0,0,0
s=889,563,0,0,0,0
s=889,563,1317,0,0,0
s=889,563,0,0,0,0
s=1247,716,0,0,0,0
s=1247,716,2544,0,0,0
s=1247,716,0,0,0,0
s=1298,332,0,0,0,0
s=1298,332,2346,0,0,0
s=1298,332,0,0,0,0
s=1042,1023,0,0,0,0
s=1042,1023,4080,0,0,0
s=1042,1023,0,0,0,0
s=1119,691,0,0,0,0
s=1119,691,1345,0,0,0
s=1119,691,0,0,0,0
s=1017,255,0,0,0,0
s=1017,255,1994,0,0,0
s=1017,255,0,0,0,0
s=1221,895,0,0,0,0
s=1221,895,4066,0,0,0
s=1221,895,0,0,0,0
s=530,563,0,0,0,0
s=530,563,1374,0,0,0
s=530,563,0,0,0,0
s=556,102,0,0,0,0
s=556,102,2163,0,0,0
s=556,102,0,0,0,0
s=633,537,0,0,0,0
s=633,537,1317,0,0,0
s=633,537,0,0,0,0
s=1017,51,0,0,0,0
s=1017,51,2318,0,0,0
s=1017,51,0,0,0,0
s=607,563,0,0,0,0
s=607,563,1444,0,0,0
s=607,563,0,0,0,0
s=1119,486,0,0,0,0
s=1119,486,2417,0,0,0
s=1119,486,0,0,0,0
s=1042,358,0,0,0,0
s=1042,358,2163,0,0,0
s=1042,358,0,0,0,0
s=965,127,0,0,0,0
s=965,127,2262,0,0,0
s=965,127,0,0,0,0
s=914,102,0,0,0,0
s=914,102,1797,0,0,0
s=914,102,0,0,0,0
s=505,614,0,0,0,0
s=505,614,1247,0,0,0
s=505,614,0,0,0,0
s=863,460,0,0,0,0
s=863,460,1500,0,0,0
s=863,460,0,0,0,0
s=121,255,0,0,0,0
s=121,255,4052,0,0,0
s=121,255,0,0,0,0
s=95,307,0,0,0,0
s=95,307,4080,0,0,0
s=95,307,0,0,0,0
s=1221,332,0,0,0,0
s=1221,332,2318,0,0,0
s=1221,332,0,0,0,0
s=812,486,0,0,0,0
s=812,486,1416,0,0,0
s=812,486,0,0,0,0
s=556,614,0,0,0,0
s=556,614,1261,0,0,0
s=556,614,0,0,0,0
s=1093,102,0,0,0,0
s=1093,102,2149,0,0,0
s=1093,102,0,0,0,0
s=710,153,0,0,0,0
s=710,153,1684,0,0,0
s=710,153,0,0,0,0
s=1145,588,0,0,0,0
s=1145,588,2093,0,0,0
s=1145,588,0,0,0,0
s=812,563,0,0,0,0
s=812,563,1331,0,0,0
s=812,563,0,0,0,0
s=1247,153,0,0,0,0
s=1247,153,1740,0,0,0
s=1247,153,0,0,0,0
s=991,563,0,0,0,0
s=991,563,1557,0,0,0
s=991,563,0,0,0,0
s=1042,563,0,0,0,0
s=1042,563,1867,0,0,0
s=1042,563,0,0,0,0
s=1273,307,0,0,0,0
s=1273,307,1754,0,0,0
s=1273,307,0,0,0,0
s=914,614,0,0,0,0
s=914,614,1275,0,0,0
s=914,614,0,0,0,0
s=530,614,0,0,0,0
s=530,614,1289,0,0,0
s=530,614,0,0,0,0
s=1145,921,0,0,0,0
s=1145,921,3615,0,0,0
s=1145,921,0,0,0,0
s=1145,51,0,0,0,0
s=1145,51,2417,0,0,0
s=1145,51,0,0,0,0
s=1068,102,0,0,0,0
s=1068,102,2346,0,0,0
s=1068,102,0,0,0,0
s=1247,742,0,0,0,0
s=1247,742,1500,0,0,0
s=1247,742,0,0,0,0
s=505,102,0,0,0,0
s=505,102,1712,0,0,0
s=505,102,0,0,0,0
s=1017,383,0,0,0,0
s=1017,383,1712,0,0,0
s=1017,383,0,0,0,0
s=1145,563,0,0,0,0
s=1145,563,2290,0,0,0
s=1145,563,0,0,0,0
s=530,102,0,0,0,0
s=530,102,1782,0,0,0
s=530,102,0,0,0,0
s=838,332,0,0,0,0
s=838,332,1543,0,0,0
s=838,332,0,0,0,0
s=479,946,0,0,0,0
s=479,946,2177,0,0,0
s=479,946,0,0,0,0
s=991,102,0,0,0,0
s=991,102,2360,0,0,0
s=991,102,0,0,0,0
s=761,588,0,0,0,0
s=761,588,1331,0,0,0
s=761,588,0,0,0,0
s=505,76,0,0,0,0
s=505,76,1641,0,0,0
s=505,76,0,0,0,0
s=1119,511,0,0,0,0
s=1119,511,2360,0,0,0
s=1119,511,0,0,0,0
s=991,153,0,0,0,0
s=991,153,2163,0,0,0
s=991,153,0,0,0,0
s=556,51,0,0,0,0
s=556,51,1768,0,0,0
s=556,51,0,0,0,0
s=1119,127,0,0,0,0
s=1119,127,2064,0,0,0
s=1119,127,0,0,0,0
s=914,511,0,0,0,0
s=914,511,1500,0,0,0
s=914,511,0,0,0,0
s=1093,691,0,0,0,0
s=1093,691,1275,0,0,0
s=1093,691,0,0,0,0
s=1145,255,0,0,0,0
s=1145,255,1867,0,0,0
s=1145,255,0,0,0,0
s=1247,486,0,0,0,0
s=1247,486,2572,0,0,0
s=1247,486,0,0,0,0
s=121,767,0,0,0,0
s=121,767,4080,0,0,0
s=121,767,0,0,0,0
s=1324,0,0,0,0,0
s=1324,0,2093,0,0,0
s=1324,0,0,0,0,0
s=1145,153,0,0,0,0
s=1145,153,1909,0,0,0
s=1145,153,0,0,0,0
s=95,102,0,0,0,0
s=95,102,4080,0,0,0
s=95,102,0,0,0,0
s=940,255,0,0,0,0
s=940,255,1881,0,0,0
s=940,255,0,0,0,0
s=1349,0,0,0,0,0
s=1349,0,2191,0,0,0
s=1349,0,0,0,0,0
s=530,588,0,0,0,0
s=530,588,1359,0,0,0
s=530,588,0,0,0,0
s=1042,614,0,0,0,0
s=1042,614,1599,0,0,0
s=1042,614,0,0,0,0
s=838,25,0,0,0,0
s=838,25,2064,0,0,0
s=838,25,0,0,0,0
s=1017,0,0,0,0,0
s=1017,0,2276,0,0,0
s=1017,0,0,0,0,0
s=940,588,0,0,0,0
s=940,588,1374,0,0,0
s=940,588,0,0,0,0
s=146,614,0,0,0,0
s=146,614,4066,0,0,0
s=146,614,0,0,0,0
s=1196,921,0,0,0,0
s=1196,921,4066,0,0,0
s=1196,921,0,0,0,0
s=1170,511,0,0,0,0
s=1170,511,2501,0,0,0
s=1170,511,0,0,0,0
s=991,460,0,0,0,0
s=991,460,1571,0,0,0
s=991,460,0,0,0,0
s=710,255,0,0,0,0
s=710,255,1289,0,0,0
s=710,255,0,0,0,0
s=786,0,0,0,0,0
s=786,0,2008,0,0,0
s=786,0,0,0,0,0
s=735,639,0,0,0,0
s=735,639,1275,0,0,0
s=735,639,0,0,0,0
s=1119,409,0,0,0,0
s=1119,409,2360,0,0,0
s=1119,409,0,0,0,0
s=965,281,0,0,0,0
s=965,281,2163,0,0,0
s=965,281,0,0,0,0
s=1119,281,0,0,0,0
s=1119,281,2121,0,0,0
s=1119,281,0,0,0,0
s=530,127,0,0,0,0
s=530,127,1726,0,0,0
s=530,127,0,0,0,0
s=812,76,0,0,0,0
s=812,76,1641,0,0,0
s=812,76,0,0,0,0
s=889,51,0,0,0,0
s=889,51,2107,0,0,0
s=889,51,0,0,0,0
s=1221,25,0,0,0,0
s=1221,25,2022,0,0,0
s=1221,25,0,0,0,0
s=786,358,0,0,0,0
s=786,358,1585,0,0,0
s=786,358,0,0,0,0
s=1273,716,0,0,0,0
s=1273,716,4038,0,0,0
s=1273,716,0,0,0,0
s=1093,255,0,0,0,0
s=1093,255,1938,0,0,0
s=1093,255,0,0,0,0
s=940,383,0,0,0,0
s=940,383,1557,0,0,0
s=940,383,0,0,0,0
s=582,25,0,0,0,0
s=582,25,1952,0,0,0
s=582,25,0,0,0,0
s=607,511,0,0,0,0
s=607,511,1233,0,0,0
s=607,511,0,0,0,0
s=1068,588,0,0,0,0
s=1068,588,1895,0,0,0
s=1068,588,0,0,0,0
s=1298,588,0,0,0,0
s=1298,588,2459,0,0,0
s=1298,588,0,0,0,0
s=479,51,0,0,0,0
s=479,51,1740,0,0,0
s=479,51,0,0,0,0
s=121,204,0,0,0,0
s=121,204,4066,0,0,0
s=121,204,0,0,0,0
s=1324,537,0,0,0,0
s=1324,537,4080,0,0,0
s=1324,537,0,0,0,0
s=300,895,0,0,0,0
s=300,895,4080,0,0,0
s=300,895,0,0,0,0
s=1324,665,0,0,0,0
s=1324,665,4080,0,0,0
s=1324,665,0,0,0,0
s=146,127,0,0,0,0
s=146,127,1247,0,0,0
s=146,127,0,0,0,0
s=1042,102,0,0,0,0
s=1042,102,2389,0,0,0
s=1042,102,0,0,0,0
s=914,255,0,0,0,0
s=914,255,1430,0,0,0
s=914,255,0,0,0,0
s=1247,255,0,0,0,0
s=1247,255,1923,0,0,0
s=1247,255,0,0,0,0
s=1017,409,0,0,0,0
s=1017,409,1656,0,0,0
s=1017,409,0,0,0,0
s=1119,460,0,0,0,0
s=1119,460,2290,0,0,0
s=1119,460,0,0,0,0
s=684,639,0,0,0,0
s=684,639,1430,0,0,0
s=684,639,0,0,0,0
s=838,51,0,0,0,0
s=838,51,2064,0,0,0
s=838,51,0,0,0,0
s=1196,153,0,0,0,0
s=1196,153,2107,0,0,0
s=1196,153,0,0,0,0
s=710,614,0,0,0,0
s=710,614,1303,0,0,0
s=710,614,0,0,0,0
s=1196,665,0,0,0,0
s=1196,665,1402,0,0,0
s=1196,665,0,0,0,0
s=607,0,0,0,0,0
s=607,0,1543,0,0,0
s=607,0,0,0,0,0
s=582,76,0,0,0,0
s=582,76,2050,0,0,0
s=582,76,0,0,0,0
s=991,486,0,0,0,0
s=991,486,1571,0,0,0
s=991,486,0,0,0,0
s=1042,383,0,0,0,0
s=1042,383,1726,0,0,0
s=1042,383,0,0,0,0
s=582,588,0,0,0,0
s=582,588,1331,0,0,0
s=582,588,0,0,0,0
s=658,102,0,0,0,0
s=658,102,1839,0,0,0
s=658,102,0,0,0,0
s=684,153,0,0,0,0
s=684,153,1980,0,0,0
s=684,153,0,0,0,0
s=735,281,0,0,0,0
s=735,281,1543,0,0,0
s=735,281,0,0,0,0
s=633,281,0,0,0,0
s=633,281,1402,0,0,0
s=633,281,0,0,0,0
s=121,0,0,0,0,0
s=121,0,4052,0,0,0
s=121,0,0,0,0,0
s=1298,102,0,0,0,0
s=1298,102,1388,0,0,0
s=1298,102,0,0,0,0
s=582,51,0,0,0,0
s=582,51,1782,0,0,0
s=582,51,0,0,0,0
s=1093,563,0,0,0,0
s=1093,563,2163,0,0,0
s=1093,563,0,0,0,0
s=505,0,0,0,0,0
s=505,0,1585,0,0,0
s=505,0,0,0,0,0
s=607,127,0,0,0,0
s=607,127,1486,0,0,0
s=607,127,0,0,0,0
s=1196,460,0,0,0,0
s=1196,460,2572,0,0,0
s=1196,460,0,0,0,0
s=684,358,0,0,0,0
s=684,358,1345,0,0,0
s=684,358,0,0,0,0
s=838,255,0,0,0,0
s=838,255,1317,0,0,0
s=838,255,0,0,0,0
s=1042,76,0,0,0,0
s=1042,76,2417,0,0,0
s=1042,76,0,0,0,0
s=658,383,0,0,0,0
s=658,383,1275,0,0,0
s=658,383,0,0,0,0
s=172,767,0,0,0,0
s=172,767,1289,0,0,0
s=172,767,0,0,0,0
s=607,255,0,0,0,0
s=607,255,1317,0,0,0
s=607,255,0,0,0,0
s=633,25,0,0,0,0
s=633,25,1261,0,0,0
s=633,25,0,0,0,0
s=812,614,0,0,0,0
s=812,614,1289,0,0,0
s=812,614,0,0,0,0
s=1068,358,0,0,0,0
s=1068,358,2332,0,0,0
s=1068,358,0,0,0,0
s=1145,819,0,0,0,0
s=1145,819,1402,0,0,0
s=1145,819,0,0,0,0
s=710,511,0,0,0,0
s=710,511,1388,0,0,0
s=710,511,0,0,0,0
s=1017,332,0,0,0,0
s=1017,332,2332,0,0,0
s=1017,332,0,0,0,0
s=607,25,0,0,0,0
s=607,25,1641,0,0,0
s=607,25,0,0,0,0
s=633,179,0,0,0,0
s=633,179,2050,0,0,0
s=633,179,0,0,0,0
s=95,435,0,0,0,0
s=95,435,4080,0,0,0
s=95,435,0,0,0,0
s=658,537,0,0,0,0
s=658,537,1345,0,0,0
s=658,537,0,0,0,0
s=1093,25,0,0,0,0
s=1093,25,2572,0,0,0
s=1093,25,0,0,0,0
s=991,0,0,0,0,0
s=991,0,2262,0,0,0
s=991,0,0,0,0,0
s=1401,51,0,0,0,0
s=1401,51,4080,0,0,0
s=1401,51,0,0,0,0
s=684,460,0,0,0,0
s=684,460,1303,0,0,0
s=684,460,0,0,0,0
s=1093,332,0,0,0,0
s=1093,332,2417,0,0,0
s=1093,332,0,0,0,0
s=786,332,0,0,0,0
s=786,332,1585,0,0,0
s=786,332,0,0,0,0
s=889,1023,0,0,0,0
s=889,1023,1599,0,0,0
s=889,1023,0,0,0,0
s=633,307,0,0,0,0
s=633,307,1345,0,0,0
s=633,307,0,0,0,0
s=1093,639,0,0,0,0
s=1093,639,1374,0,0,0
s=1093,639,0,0,0,0
s=146,204,0,0,0,0
s=146,204,1529,0,0,0
s=146,204,0,0,0,0
s=1119,946,0,0,0,0
s=1119,946,2008,0,0,0
s=1119,946,0,0,0,0
s=965,332,0,0,0,0
s=965,332,1909,0,0,0
s=965,332,0,0,0,0
s=530,153,0,0,0,0
s=530,153,1712,0,0,0
s=530,153,0,0,0,0
s=1068,153,0,0,0,0
s=1068,153,2177,0,0,0
s=1068,153,0,0,0,0
s=1119,25,0,0,0,0
s=1119,25,2586,0,0,0
s=1119,25,0,0,0,0
s=582,537,0,0,0,0
s=582,537,1289,0,0,0
s=582,537,0,0,0,0
s=582,946,0,0,0,0
s=582,946,1529,0,0,0
s=582,946,0,0,0,0
s=1221,383,0,0,0,0
s=1221,383,2544,0,0,0
s=1221,383,0,0,0,0
s=914,0,0,0,0,0
s=914,0,2276,0,0,0
s=914,0,0,0,0,0
s=940,1023,0,0,0,0
s=940,1023,4080,0,0,0
s=940,1023,0,0,0,0
s=863,358,0,0,0,0
s=863,358,1515,0,0,0
s=863,358,0,0,0,0
s=582,358,0,0,0,0
s=582,358,1317,0,0,0
s=582,358,0,0,0,0
s=633,588,0,0,0,0
s=633,588,1374,0,0,0
s=633,588,0,0,0,0
s=761,563,0,0,0,0
s=761,563,1289,0,0,0
s=761,563,0,0,0,0
s=1042,127,0,0,0,0
s=1042,127,2318,0,0,0
s=1042,127,0,0,0,0
s=1375,0,0,0,0,0
s=1375,0,2375,0,0,0
s=1375,0,0,0,0,0
s=1196,588,0,0,0,0
s=1196,588,2262,0,0,0
s=1196,588,0,0,0,0
s=1196,25,0,0,0,0
s=1196,25,2234,0,0,0
s=1196,25,0,0,0,0
s=684,76,0,0,0,0
s=684,76,1811,0,0,0
s=684,76,0,0,0,0
s=965,307,0,0,0,0
s=965,307,2191,0,0,0
s=965,307,0,0,0,0
s=735,537,0,0,0,0
s=735,537,1303,0,0,0
s=735,537,0,0,0,0
s=1068,614,0,0,0,0
s=1068,614,1627,0,0,0
s=1068,614,0,0,0,0
s=991,409,0,0,0,0
s=991,409,1670,0,0,0
s=991,409,0,0,0,0
s=146,537,0,0,0,0
s=146,537,3361,0,0,0
s=146,537,0,0,0,0
s=812,409,0,0,0,0
s=812,409,1430,0,0,0
s=812,409,0,0,0,0
s=1145,895,0,0,0,0
s=1145,895,1486,0,0,0
s=1145,895,0,0,0,0
s=812,281,0,0,0,0
s=812,281,1515,0,0,0
s=812,281,0,0,0,0
s=1273,563,0,0,0,0
s=1273,563,3206,0,0,0
s=1273,563,0,0,0,0
s=1068,25,0,0,0,0
s=1068,25,2501,0,0,0
s=1068,25,0,0,0,0
s=351,946,0,0,0,0
s=351,946,4080,0,0,0
s=351,946,0,0,0,0
s=761,409,0,0,0,0
s=761,409,1402,0,0,0
s=761,409,0,0,0,0
s=556,563,0,0,0,0
s=556,563,1359,0,0,0
s=556,563,0,0,0,0
s=889,332,0,0,0,0
s=889,332,1613,0,0,0
s=889,332,0,0,0,0
s=1145,972,0,0,0,0
s=1145,972,4080,0,0,0
s=1145,972,0,0,0,0
s=556,358,0,0,0,0
s=556,358,1219,0,0,0
s=556,358,0,0,0,0
s=1324,281,0,0,0,0
s=1324,281,1472,0,0,0
s=1324,281,0,0,0,0
s=1017,614,0,0,0,0
s=1017,614,1599,0,0,0
s=1017,614,0,0,0,0
s=1196,51,0,0,0,0
s=1196,51,2205,0,0,0
s=1196,51,0,0,0,0
s=1068,563,0,0,0,0
s=1068,563,1980,0,0,0
s=1068,563,0,0,0,0
s=1221,435,0,0,0,0
s=1221,435,2558,0,0,0
s=1221,435,0,0,0,0
s=991,614,0,0,0,0
s=991,614,1543,0,0,0
s=991,614,0,0,0,0
s=454,614,0,0,0,0
s=454,614,1219,0,0,0
s=454,614,0,0,0,0
s=1247,537,0,0,0,0
s=1247,537,4066,0,0,0
s=1247,537,0,0,0,0
s=1273,691,0,0,0,0
s=1273,691,1726,0,0,0
s=1273,691,0,0,0,0
s=1145,409,0,0,0,0
s=1145,409,2487,0,0,0
s=1145,409,0,0,0,0
s=786,307,0,0,0,0
s=786,307,1557,0,0,0
s=786,307,0,0,0,0
s=889,76,0,0,0,0
s=889,76,1881,0,0,0
s=889,76,0,0,0,0
s=838,409,0,0,0,0
s=838,409,1515,0,0,0
s=838,409,0,0,0,0
s=1221,281,0,0,0,0
s=1221,281,1966,0,0,0
s=1221,281,0,0,0,0
s=1042,511,0,0,0,0
s=1042,511,1853,0,0,0
s=1042,511,0,0,0,0
s=1042,972,0,0,0,0
s=1042,972,3361,0,0,0
s=1042,972,0,0,0,0
s=223,844,0,0,0,0
s=223,844,4066,0,0,0
s=223,844,0,0,0,0
s=1196,102,0,0,0,0
s=1196,102,2121,0,0,0
s=1196,102,0,0,0,0
s=556,0,0,0,0,0
s=556,0,1895,0,0,0
s=556,0,0,0,0,0
s=1298,0,0,0,0,0
s=1298,0,1952,0,0,0
s=1298,0,0,0,0,0
s=658,307,0,0,0,0
s=658,307,1402,0,0,0
s=658,307,0,0,0,0
s=1170,793,0,0,0,0
s=1170,793,1557,0,0,0
s=1170,793,0,0,0,0
s=761,537,0,0,0,0
s=761,537,1458,0,0,0
s=761,537,0,0,0,0
s=735,460,0,0,0,0
s=735,460,1345,0,0,0
s=735,460,0,0,0,0
s=658,179,0,0,0,0
s=658,179,1853,0,0,0
s=658,179,0,0,0,0
s=1273,127,0,0,0,0
s=1273,127,1317,0,0,0
s=1273,127,0,0,0,0
s=735,486,0,0,0,0
s=735,486,1331,0,0,0
s=735,486,0,0,0,0
s=582,614,0,0,0,0
s=582,614,1275,0,0,0
s=582,614,0,0,0,0
s=582,102,0,0,0,0
s=582,102,1980,0,0,0
s=582,102,0,0,0,0
s=786,614,0,0,0,0
s=786,614,1388,0,0,0
s=786,614,0,0,0,0
s=1119,537,0,0,0,0
s=1119,537,2318,0,0,0
s=1119,537,0,0,0,0
s=556,127,0,0,0,0
s=556,127,2078,0,0,0
s=556,127,0,0,0,0
s=914,383,0,0,0,0
s=914,383,1557,0,0,0
s=914,383,0,0,0,0
s=607,614,0,0,0,0
s=607,614,1261,0,0,0
s=607,614,0,0,0,0
s=1042,588,0,0,0,0
s=1042,588,1768,0,0,0
s=1042,588,0,0,0,0
s=530,332,0,0,0,0
s=530,332,1219,0,0,0
s=530,332,0,0,0,0
s=1196,819,0,0,0,0
s=1196,819,1571,0,0,0
s=1196,819,0,0,0,0
s=351,921,0,0,0,0
s=351,921,4080,0,0,0
s=351,921,0,0,0,0
s=658,153,0,0,0,0
s=658,153,2107,0,0,0
s=658,153,0,0,0,0
s=658,255,0,0,0,0
s=658,255,1275,0,0,0
s=658,255,0,0,0,0
s=735,76,0,0,0,0
s=735,76,1923,0,0,0
s=735,76,0,0,0,0
s=607,537,0,0,0,0
s=607,537,1219,0,0,0
s=607,537,0,0,0,0
s=786,409,0,0,0,0
s=786,409,1486,0,0,0
s=786,409,0,0,0,0
s=710,76,0,0,0,0
s=710,76,1825,0,0,0
s=710,76,0,0,0,0
s=991,307,0,0,0,0
s=991,307,2205,0,0,0
s=991,307,0,0,0,0
s=479,127,0,0,0,0
s=479,127,1670,0,0,0
s=479,127,0,0,0,0
s=889,537,0,0,0,0
s=889,537,1430,0,0,0
s=889,537,0,0,0,0
s=1093,409,0,0,0,0
s=1093,409,1952,0,0,0
s=1093,409,0,0,0,0
s=1273,409,0,0,0,0
s=1273,409,2459,0,0,0
s=1273,409,0,0,0,0
s=710,639,0,0,0,0
s=710,639,1233,0,0,0
s=710,639,0,0,0,0
s=965,51,0,0,0,0
s=965,51,2318,0,0,0
s=965,51,0,0,0,0
s=1068,511,0,0,0,0
s=1068,511,1994,0,0,0
s=1068,511,0,0,0,0
s=914,307,0,0,0,0
s=914,307,1613,0,0,0
s=914,307,0,0,0,0
s=812,51,0,0,0,0
s=812,51,1952,0,0,0
s=812,51,0,0,0,0
s=479,0,0,0,0,0
s=479,0,1458,0,0,0
s=479,0,0,0,0,0
s=1119,383,0,0,0,0
s=1119,383,2445,0,0,0
s=1119,383,0,0,0,0
s=1093,537,0,0,0,0
s=1093,537,2191,0,0,0
s=1093,537,0,0,0,0
s=1170,972,0,0,0,0
s=1170,972,4080,0,0,0
s=1170,972,0,0,0,0
s=940,563,0,0,0,0
s=940,563,1430,0,0,0
s=940,563,0,0,0,0
s=146,588,0,0,0,0
s=146,588,4080,0,0,0
s=146,588,0,0,0,0
s=1017,511,0,0,0,0
s=1017,511,1641,0,0,0
s=1017,511,0,0,0,0
s=1068,435,0,0,0,0
s=1068,435,1797,0,0,0
s=1068,435,0,0,0,0
s=1017,486,0,0,0,0
s=1017,486,1684,0,0,0
s=1017,486,0,0,0,0
s=556,76,0,0,0,0
s=556,76,2276,0,0,0
s=556,76,0,0,0,0
s=172,691,0,0,0,0
s=172,691,1303,0,0,0
s=172,691,0,0,0,0
s=1247,435,0,0,0,0
s=1247,435,2516,0,0,0
s=1247,435,0,0,0,0
s=812,460,0,0,0,0
s=812,460,1444,0,0,0
s=812,460,0,0,0,0
s=1221,486,0,0,0,0
s=1221,486,2558,0,0,0
s=1221,486,0,0,0,0
s=838,281,0,0,0,0
s=838,281,1515,0,0,0
s=838,281,0,0,0,0
s=146,179,0,0,0,0
s=146,179,2459,0,0,0
s=146,179,0,0,0,0
s=684,435,0,0,0,0
s=684,435,1359,0,0,0
s=684,435,0,0,0,0
s=863,51,0,0,0,0
s=863,51,2022,0,0,0
s=863,51,0,0,0,0
s=735,255,0,0,0,0
s=735,255,1289,0,0,0
s=735,255,0,0,0,0
s=1221,870,0,0,0,0
s=1221,870,4038,0,0,0
s=1221,870,0,0,0,0
s=863,537,0,0,0,0
s=863,537,1458,0,0,0
s=863,537,0,0,0,0
s=940,281,0,0,0,0
s=940,281,1909,0,0,0
s=940,281,0,0,0,0
s=786,537,0,0,0,0
s=786,537,1388,0,0,0
s=786,537,0,0,0,0
s=914,51,0,0,0,0
s=914,51,2248,0,0,0
s=914,51,0,0,0,0
s=1221,639,0,0,0,0
s=1221,639,1684,0,0,0
s=1221,639,0,0,0,0
s=991,76,0,0,0,0
s=991,76,2346,0,0,0
s=991,76,0,0,0,0
s=1042,435,0,0,0,0
s=1042,435,1670,0,0,0
s=1042,435,0,0,0,0
s=838,358,0,0,0,0
s=838,358,1571,0,0,0
s=838,358,0,0,0,0
s=530,204,0,0,0,0
s=530,204,1261,0,0,0
s=530,204,0,0,0,0
s=889,25,0,0,0,0
s=889,25,2163,0,0,0
s=889,25,0,0,0,0
s=1170,102,0,0,0,0
s=1170,102,2163,0,0,0
s=1170,102,0,0,0,0
s=710,435,0,0,0,0
s=710,435,1402,0,0,0
s=710,435,0,0,0,0
s=1273,332,0,0,0,0
s=1273,332,1923,0,0,0
s=1273,332,0,0,0,0
s=582,281,0,0,0,0
s=582,281,1275,0,0,0
s=582,281,0,0,0,0
s=1196,563,0,0,0,0
s=1196,563,2431,0,0,0
s=1196,563,0,0,0,0
s=556,281,0,0,0,0
s=556,281,1247,0,0,0
s=556,281,0,0,0,0
s=863,486,0,0,0,0
s=863,486,1543,0,0,0
s=863,486,0,0,0,0
s=1017,435,0,0,0,0
s=1017,435,1670,0,0,0
s=1017,435,0,0,0,0
s=1324,127,0,0,0,0
s=1324,127,4080,0,0,0
s=1324,127,0,0,0,0
s=1247,665,0,0,0,0
s=1247,665,1980,0,0,0
s=1247,665,0,0,0,0
s=1247,383,0,0,0,0
s=1247,383,2530,0,0,0
s=1247,383,0,0,0,0
s=121,460,0,0,0,0
s=121,460,1895,0,0,0
s=121,460,0,0,0,0
s=1093,307,0,0,0,0
s=1093,307,2304,0,0,0
s=1093,307,0,0,0,0
s=582,204,0,0,0,0
s=582,204,1797,0,0,0
s=582,204,0,0,0,0
s=1145,793,0,0,0,0
s=1145,793,1430,0,0,0
s=1145,793,0,0,0,0
s=812,511,0,0,0,0
s=812,511,1388,0,0,0
s=812,511,0,0,0,0
s=1042,281,0,0,0,0
s=1042,281,2149,0,0,0
s=1042,281,0,0,0,0
s=1196,742,0,0,0,0
s=1196,742,1486,0,0,0
s=1196,742,0,0,0,0
s=530,537,0,0,0,0
s=530,537,1275,0,0,0
s=530,537,0,0,0,0
s=1273,435,0,0,0,0
s=1273,435,4066,0,0,0
s=1273,435,0,0,0,0
s=812,1023,0,0,0,0
s=812,1023,3220,0,0,0
s=812,1023,0,0,0,0
s=889,127,0,0,0,0
s=889,127,1374,0,0,0
s=889,127,0,0,0,0
s=735,588,0,0,0,0
s=735,588,1317,0,0,0
s=735,588,0,0,0,0
s=1093,460,0,0,0,0
s=1093,460,2078,0,0,0
s=1093,460,0,0,0,0
s=121,435,0,0,0,0
s=121,435,1923,0,0,0
s=121,435,0,0,0,0
s=1145,614,0,0,0,0
s=1145,614,1811,0,0,0
s=1145,614,0,0,0,0
s=1017,998,0,0,0,0
s=1017,998,1641,0,0,0
s=1017,998,0,0,0,0
s=735,332,0,0,0,0
s=735,332,1515,0,0,0
s=735,332,0,0,0,0
s=607,588,0,0,0,0
s=607,588,1416,0,0,0
s=607,588,0,0,0,0
s=1221,691,0,0,0,0
s=1221,691,1641,0,0,0
s=1221,691,0,0,0,0
s=914,460,0,0,0,0
s=914,460,1543,0,0,0
s=914,460,0,0,0,0
s=1093,614,0,0,0,0
s=1093,614,1627,0,0,0
s=1093,614,0,0,0,0
s=914,358,0,0,0,0
s=914,358,1486,0,0,0
s=914,358,0,0,0,0
s=1324,76,0,0,0,0
s=1324,76,2276,0,0,0
s=1324,76,0,0,0,0
s=1221,946,0,0,0,0
s=1221,946,4080,0,0,0
s=1221,946,0,0,0,0
s=786,25,0,0,0,0
s=786,25,1938,0,0,0
s=786,25,0,0,0,0
s=1247,563,0,0,0,0
s=1247,563,2262,0,0,0
s=1247,563,0,0,0,0
s=812,25,0,0,0,0
s=812,25,1980,0,0,0
s=812,25,0,0,0,0
s=786,281,0,0,0,0
s=786,281,1472,0,0,0
s=786,281,0,0,0,0
s=1196,716,0,0,0,0
s=1196,716,1543,0,0,0
s=1196,716,0,0,0,0
s=1221,793,0,0,0,0
s=1221,793,1811,0,0,0
s=1221,793,0,0,0,0
s=1042,25,0,0,0,0
s=1042,25,2389,0,0,0
s=1042,25,0,0,0,0
s=1273,486,0,0,0,0
s=1273,486,4080,0,0,0
s=1273,486,0,0,0,0
s=940,511,0,0,0,0
s=940,511,1486,0,0,0
s=940,511,0,0,0,0
s=991,511,0,0,0,0
s=991,511,1613,0,0,0
s=991,511,0,0,0,0
s=121,409,0,0,0,0
s=121,409,1923,0,0,0
s=121,409,0,0,0,0
s=940,358,0,0,0,0
s=940,358,1543,0,0,0
s=940,358,0,0,0,0
s=582,307,0,0,0,0
s=582,307,1345,0,0,0
s=582,307,0,0,0,0
s=812,588,0,0,0,0
s=812,588,1331,0,0,0
s=812,588,0,0,0,0
s=1145,639,0,0,0,0
s=1145,639,1515,0,0,0
s=1145,639,0,0,0,0
s=1093,511,0,0,0,0
s=1093,511,2205,0,0,0
s=1093,511,0,0,0,0
s=658,25,0,0,0,0
s=658,25,1444,0,0,0
s=658,25,0,0,0,0
s=249,870,0,0,0,0
s=249,870,4080,0,0,0
s=249,870,0,0,0,0
s=1119,435,0,0,0,0
s=1119,435,2262,0,0,0
s=1119,435,0,0,0,0
s=1170,25,0,0,0,0
s=1170,25,2360,0,0,0
s=1170,25,0,0,0,0
s=710,281,0,0,0,0
s=710,281,1543,0,0,0
s=710,281,0,0,0,0
s=1247,460,0,0,0,0
s=1247,460,2544,0,0,0
s=1247,460,0,0,0,0
s=1324,25,0,0,0,0
s=1324,25,2064,0,0,0
s=1324,25,0,0,0,0
s=684,332,0,0,0,0
s=684,332,1402,0,0,0
s=684,332,0,0,0,0
s=1042,255,0,0,0,0
s=1042,255,1980,0,0,0
s=1042,255,0,0,0,0
s=556,179,0,0,0,0
s=556,179,1952,0,0,0
s=556,179,0,0,0,0
s=812,255,0,0,0,0
s=812,255,1261,0,0,0
s=812,255,0,0,0,0
s=1196,639,0,0,0,0
s=1196,639,1430,0,0,0
s=1196,639,0,0,0,0
s=838,588,0,0,0,0
s=838,588,1317,0,0,0
s=838,588,0,0,0,0
s=1042,946,0,0,0,0
s=1042,946,1247,0,0,0
s=1042,946,0,0,0,0
s=1349,716,0,0,0,0
s=1349,716,4080,0,0,0
s=1349,716,0,0,0,0
s=1247,76,0,0,0,0
s=1247,76,2149,0,0,0
s=1247,76,0,0,0,0
s=1170,76,0,0,0,0
s=1170,76,2276,0,0,0
s=1170,76,0,0,0,0
s=838,537,0,0,0,0
s=838,537,1416,0,0,0
s=838,537,0,0,0,0
s=761,460,0,0,0,0
s=761,460,1331,0,0,0
s=761,460,0,0,0,0
s=146,742,0,0,0,0
s=146,742,4066,0,0,0
s=146,742,0,0,0,0
s=1349,25,0,0,0,0
s=1349,25,2135,0,0,0
s=1349,25,0,0,0,0
s=735,127,0,0,0,0
s=735,127,1782,0,0,0
s=735,127,0,0,0,0
s=889,102,0,0,0,0
s=889,102,1557,0,0,0
s=889,102,0,0,0,0
s=505,51,0,0,0,0
s=505,51,1684,0,0,0
s=505,51,0,0,0,0
s=1093,0,0,0,0,0
s=1093,0,2558,0,0,0
s=1093,0,0,0,0,0
s=607,332,0,0,0,0
s=607,332,1374,0,0,0
s=607,332,0,0,0,0
s=1324,332,0,0,0,0
s=1324,332,2558,0,0,0
s=1324,332,0,0,0,0
s=658,639,0,0,0,0
s=658,639,1430,0,0,0
s=658,639,0,0,0,0
s=965,0,0,0,0,0
s=965,0,2318,0,0,0
s=965,0,0,0,0,0
s=1145,25,0,0,0,0
s=1145,25,2431,0,0,0
s=1145,25,0,0,0,0
s=121,230,0,0,0,0
s=121,230,4052,0,0,0
s=121,230,0,0,0,0
s=274,895,0,0,0,0
s=274,895,4080,0,0,0
s=274,895,0,0,0,0
s=1273,742,0,0,0,0
s=1273,742,4052,0,0,0
s=1273,742,0,0,0,0
s=1349,153,0,0,0,0
s=1349,153,4080,0,0,0
s=1349,153,0,0,0,0
s=1349,281,0,0,0,0
s=1349,281,4080,0,0,0
s=1349,281,0,0,0,0
s=914,563,0,0,0,0
s=914,563,1388,0,0,0
s=914,563,0,0,0,0
s=1401,25,0,0,0,0
s=1401,25,4080,0,0,0
s=1401,25,0,0,0,0
s=556,946,0,0,0,0
s=556,946,1486,0,0,0
s=556,946,0,0,0,0
s=607,358,0,0,0,0
s=607,358,1374,0,0,0
s=607,358,0,0,0,0
s=121,716,0,0,0,0
s=121,716,4080,0,0,0
s=121,716,0,0,0,0
s=1324,614,0,0,0,0
s=1324,614,4080,0,0,0
s=1324,614,0,0,0,0
s=965,511,0,0,0,0
s=965,511,1529,0,0,0
s=965,511,0,0,0,0
s=684,307,0,0,0,0
s=684,307,1402,0,0,0
s=684,307,0,0,0,0
s=991,358,0,0,0,0
s=991,358,1853,0,0,0
s=991,358,0,0,0,0
s=121,153,0,0,0,0
s=121,153,4066,0,0,0
s=121,153,0,0,0,0
s=530,76,0,0,0,0
s=530,76,2008,0,0,0
s=530,76,0,0,0,0
s=658,76,0,0,0,0
s=658,76,1797,0,0,0
s=658,76,0,0,0,0
s=1452,25,0,0,0,0
s=1452,25,4080,0,0,0
s=1452,25,0,0,0,0
s=1221,307,0,0,0,0
s=1221,307,2036,0,0,0
s=1221,307,0,0,0,0
s=965,409,0,0,0,0
s=965,409,1571,0,0,0
s=965,409,0,0,0,0
s=1068,127,0,0,0,0
s=1068,127,2304,0,0,0
s=1068,127,0,0,0,0
s=863,102,0,0,0,0
s=863,102,1444,0,0,0
s=863,102,0,0,0,0
s=1068,281,0,0,0,0
s=1068,281,2149,0,0,0
s=1068,281,0,0,0,0
s=1170,639,0,0,0,0
s=1170,639,1486,0,0,0
s=1170,639,0,0,0,0
s=1093,716,0,0,0,0
s=1093,716,1219,0,0,0
s=1093,716,0,0,0,0
s=965,563,0,0,0,0
s=965,563,1529,0,0,0
s=965,563,0,0,0,0
s=146,153,0,0,0,0
s=146,153,1289,0,0,0
s=146,153,0,0,0,0
s=991,25,0,0,0,0
s=991,25,2318,0,0,0
s=991,25,0,0,0,0
s=505,946,0,0,0,0
s=505,946,1543,0,0,0
s=505,946,0,0,0,0
s=146,716,0,0,0,0
s=146,716,3361,0,0,0
s=146,716,0,0,0,0
s=710,563,0,0,0,0
s=710,563,1317,0,0,0
s=710,563,0,0,0,0
s=1247,102,0,0,0,0
s=1247,102,2050,0,0,0
s=1247,102,0,0,0,0
s=146,793,0,0,0,0
s=146,793,4080,0,0,0
s=146,793,0,0,0,0
s=146,563,0,0,0,0
s=146,563,1247,0,0,0
s=146,563,0,0,0,0
s=1068,409,0,0,0,0
s=1068,409,1825,0,0,0
s=1068,409,0,0,0,0
s=786,255,0,0,0,0
s=786,255,1261,0,0,0
s=786,255,0,0,0,0
s=889,614,0,0,0,0
s=889,614,1317,0,0,0
s=889,614,0,0,0,0
s=479,102,0,0,0,0
s=479,102,1768,0,0,0
s=479,102,0,0,0,0
s=607,204,0,0,0,0
s=607,204,1289,0,0,0
s=607,204,0,0,0,0
s=1221,767,0,0,0,0
s=1221,767,1712,0,0,0
s=1221,767,0,0,0,0
s=505,588,0,0,0,0
s=505,588,1331,0,0,0
s=505,588,0,0,0,0
s=1093,281,0,0,0,0
s=1093,281,2177,0,0,0
s=1093,281,0,0,0,0
s=1145,665,0,0,0,0
s=1145,665,1444,0,0,0
s=1145,665,0,0,0,0
s=633,639,0,0,0,0
s=633,639,1275,0,0,0
s=633,639,0,0,0,0
s=786,563,0,0,0,0
s=786,563,1345,0,0,0
s=786,563,0,0,0,0
s=1170,332,0,0,0,0
s=1170,332,2530,0,0,0
s=1170,332,0,0,0,0
s=633,255,0,0,0,0
s=633,255,1247,0,0,0
s=633,255,0,0,0,0
s=658,51,0,0,0,0
s=658,51,1613,0,0,0
s=658,51,0,0,0,0
s=1375,51,0,0,0,0
s=1375,51,4080,0,0,0
s=1375,51,0,0,0,0
s=1221,0,0,0,0,0
s=1221,0,2008,0,0,0
s=1221,0,0,0,0,0
s=991,51,0,0,0,0
s=991,51,2318,0,0,0
s=991,51,0,0,0,0
s=1068,307,0,0,0,0
s=1068,307,2304,0,0,0
s=1068,307,0,0,0,0
s=1196,946,0,0,0,0
s=1196,946,4080,0,0,0
s=1196,946,0,0,0,0
s=965,255,0,0,0,0
s=965,255,1966,0,0,0
s=965,255,0,0,0,0
s=1196,537,0,0,0,0
s=1196,537,2487,0,0,0
s=1196,537,0,0,0,0
s=172,614,0,0,0,0
s=172,614,1261,0,0,0
s=172,614,0,0,0,0
s=1247,511,0,0,0,0
s=1247,511,2431,0,0,0
s=1247,511,0,0,0,0
s=914,76,0,0,0,0
s=914,76,1923,0,0,0
s=914,76,0,0,0,0
s=1221,255,0,0,0,0
s=1221,255,2050,0,0,0
s=1221,255,0,0,0,0
s=1298,358,0,0,0,0
s=1298,358,4066,0,0,0
s=1298,358,0,0,0,0
s=761,102,0,0,0,0
s=761,102,1853,0,0,0
s=761,102,0,0,0,0
s=684,486,0,0,0,0
s=684,486,1261,0,0,0
s=684,486,0,0,0,0
s=838,460,0,0,0,0
s=838,460,1515,0,0,0
s=838,460,0,0,0,0
s=1068,460,0,0,0,0
s=1068,460,1811,0,0,0
s=1068,460,0,0,0,0
s=1145,383,0,0,0,0
s=1145,383,2544,0,0,0
s=1145,383,0,0,0,0
s=735,0,0,0,0,0
s=735,0,1966,0,0,0
s=735,0,0,0,0,0
s=1196,332,0,0,0,0
s=1196,332,2558,0,0,0
s=1196,332,0,0,0,0
s=121,281,0,0,0,0
s=121,281,2191,0,0,0
s=121,281,0,0,0,0
s=761,307,0,0,0,0
s=761,307,1557,0,0,0
s=761,307,0,0,0,0
s=1196,870,0,0,0,0
s=1196,870,1754,0,0,0
s=1196,870,0,0,0,0
f=1
e=0